219547329.000000000000	96.044997000000	7.996800000000	0.000227136520	-0.000027355542	-0.000825097551	-0.000015373239	0.001884764102	300.000000000000	0.002176701311	0.001392673457	0.001369237496	0.001883058691	881.803625825925	-0.000279866309	-0.000776344832	0.000000125207	0.000000256957	-0.000038177074	0.000105987861	0.000000102133	0.000000179927
219547730.000000000000	96.044997000000	8.051400000000	0.000240192852	-0.000031196922	-0.000823621205	-0.000014065684	0.001959298496	300.000000000000	0.002175691061	0.001954600774	0.001474332101	0.001888515146	887.066082157571	-0.000280555121	-0.000774507189	0.000000018479	-0.000000060438	-0.000039666592	0.000109648773	-0.000000024873	0.000000027439
219548080.000000000000	96.044997000000	8.100300000000	0.000242118372	-0.000027198576	-0.000821270548	-0.000015013538	0.002038582642	300.000000000000	0.002176422621	0.002033107203	0.001475555530	0.001889919361	891.777268293867	-0.000278833976	-0.000772644146	0.000000141194	-0.000000137671	-0.000040770976	0.000112610530	0.000000346794	-0.000000137594
219548494.000000000000	96.044997000000	8.151000000000	0.000243449392	-0.000027430531	-0.000816398163	-0.000014881090	0.002110683790	300.000000000000	0.002174390510	0.002106363576	0.001465692495	0.001889021347	896.659983594298	-0.000277219627	-0.000768040046	-0.000000102665	-0.000000048312	-0.000041485575	0.000114732820	0.000000238905	-0.000000387279
219548806.000000000000	96.044997000000	8.200600000000	0.000244680510	-0.000023827012	-0.000811172291	-0.000015192586	0.002188087054	300.000000000000	0.002176422621	0.002182580470	0.001451198705	0.001884224926	901.434901420867	-0.000275064119	-0.000763273255	0.000000134880	-0.000000217041	-0.000042136059	0.000117666894	0.000000288917	0.000000214346
219549246.000000000000	96.044997000000	8.250500000000	0.000259892477	-0.000037295697	-0.000806246865	-0.000016006820	0.002267130448	300.000000000000	0.002177444483	0.002263123779	0.001434821452	0.001878397038	906.236842515478	-0.000272548544	-0.000758956363	0.000000198413	0.000000065860	-0.000043275452	0.000120167154	-0.000000048232	0.000000069147
219549629.000000000000	96.044997000000	8.300600000000	0.000253689365	-0.000029572107	-0.000802462031	-0.000015127598	0.002347983890	300.000000000000	0.002178710198	0.002344245911	0.001421757516	0.001873918801	911.056155660344	-0.000272025122	-0.000755107190	0.000000307320	-0.000000096527	-0.000044377972	0.000122718961	0.000000102254	-0.000000000310
219549972.000000000000	96.044997000000	8.350600000000	0.000244008334	-0.000028777883	-0.000801536852	-0.000014539465	0.002441523659	300.000000000000	0.002178702457	0.002436992120	0.001413776629	0.001874278401	915.863976974531	-0.000272243663	-0.000754038050	-0.000000227996	0.000000010845	-0.000045113977	0.000125713179	-0.000000204208	-0.000000046150
219550316.000000000000	96.044997000000	8.400500000000	0.000241760851	-0.000030215587	-0.000801505765	-0.000014966819	0.002543275122	300.000000000000	0.002179344991	0.002536783931	0.001405873973	0.001876637824	920.660317576896	-0.000271831675	-0.000754156001	0.000000007124	0.000000034884	-0.000046288502	0.000128658946	0.000000125683	0.000000129596
219550661.000000000000	96.044997000000	8.451400000000	0.000229400434	-0.000031912573	-0.000798211857	-0.000015444216	0.002621712131	300.000000000000	0.002178446991	0.002613901087	0.001396789962	0.001880172029	925.550857538774	-0.000270208540	-0.000751252404	0.000000191806	-0.000000229753	-0.000047364176	0.000131433000	-0.000000133844	0.000000061133
219551049.000000000000	96.044997000000	8.500300000000	0.000219206116	-0.000026632834	-0.000797661344	-0.000014842450	0.002698793216	300.000000000000	0.002179921724	0.002692038781	0.001387885423	0.001881813568	930.247408767433	-0.000270576732	-0.000750525887	0.000000172104	-0.000000248475	-0.000048024232	0.000133669419	0.000000311593	-0.000000049341
219551373.000000000000	96.044997000000	8.550800000000	0.000217723560	-0.000028696780	-0.000795483798	-0.000013953524	0.002772661849	300.000000000000	0.002178772129	0.002767819193	0.001380532357	0.001883335458	935.095752031477	-0.000270627897	-0.000748174090	0.000000110207	-0.000000180038	-0.000048912944	0.000136124224	0.000000349767	0.000000326563
219551706.000000000000	96.044997000000	8.600900000000	0.000214833272	-0.000024543286	-0.000795266977	-0.000014853977	0.002849097960	300.000000000000	0.002180150094	0.002841752783	0.001371140681	0.001886323360	939.903806508093	-0.000269704037	-0.000748293380	0.000000062848	0.000000227068	-0.000050227160	0.000138879814	-0.000000015875	0.000000155689
219552045.000000000000	96.044997000000	8.650700000000	0.000216370744	-0.000026492822	-0.000791371422	-0.000015391118	0.002931515293	300.000000000000	0.002178559241	0.002925496831	0.001359581543	0.001888253499	944.681208415030	-0.000267812948	-0.000744844282	0.000000127586	0.000000325682	-0.000051103913	0.000141784641	0.000000026739	-0.000000107549
219552447.000000000000	96.044997000000	8.700700000000	0.000212612900	-0.000022159347	-0.000789608362	-0.000014999669	0.003019545988	300.000000000000	0.002177382552	0.003011460357	0.001349861822	0.001886840080	949.475929151884	-0.000267552829	-0.000743060855	0.000000244290	-0.000000106436	-0.000051761985	0.000143357219	0.000000368374	-0.000000100946
219552796.000000000000	96.044997000000	8.750500000000	0.000214144603	-0.000026957167	-0.000789407692	-0.000014929106	0.003099984784	300.000000000000	0.002177541250	0.003093180726	0.001343786750	0.001885756021	954.249610862480	-0.000267544324	-0.000742847646	0.000000080267	-0.000000221793	-0.000051941414	0.000144449496	0.000000092896	-0.000000033255
219553124.000000000000	96.044997000000	8.800400000000	0.000212791963	-0.000026500135	-0.000785965045	-0.000014505683	0.003177704977	300.000000000000	0.002176391656	0.003170168336	0.001337327096	0.001884202574	959.031016179904	-0.000266721111	-0.000739482359	0.000000164143	0.000000132676	-0.000052411906	0.000146119061	0.000000357554	0.000000084763
219553454.000000000000	96.044997000000	8.851000000000	0.000218037982	-0.000022974725	-0.000787523263	-0.000013868009	0.003240829605	300.000000000000	0.002177119345	0.003234193259	0.001333280116	0.001887088579	963.877591858320	-0.000267862321	-0.000740711416	-0.000000499962	-0.000000151034	-0.000053452846	0.000148776503	0.000000256601	-0.000000013608
219553783.000000000000	96.044997000000	8.900600000000	0.000221644637	-0.000027392100	-0.000782092032	-0.000014775188	0.003292667822	300.000000000000	0.002177405776	0.003286050859	0.001326786935	0.001885876983	968.626525050355	-0.000265083361	-0.000735959387	0.000000092509	0.000000142368	-0.000053720176	0.000149217474	-0.000000041760	0.000000325977
219554097.000000000000	96.044997000000	8.951300000000	0.000223312146	-0.000023368502	-0.000778805005	-0.000015281768	0.003343066354	300.000000000000	0.002177618664	0.003335543926	0.001317520166	0.001883031738	973.478873725981	-0.000263436707	-0.000733067828	0.000000152735	0.000000337546	-0.000053869339	0.000150052668	0.000000123032	-0.000000319790
219554429.000000000000	96.044997000000	9.000100000000	0.000230624397	-0.000027285599	-0.000775750831	-0.000014086842	0.003398293376	300.000000000000	0.002176116837	0.003390911297	0.001306359415	0.001877996022	978.147561234617	-0.000263461177	-0.000729788118	0.000000090611	0.000000054582	-0.000055021039	0.000153123941	0.000000008972	-0.000000326335
219554758.000000000000	96.044997000000	9.051400000000	0.000233450542	-0.000030721898	-0.000776469563	-0.000013973981	0.003474774848	300.000000000000	0.002177154181	0.003467401586	0.001298160270	0.001878523917	983.053500856937	-0.000263823552	-0.000730421194	-0.000000207891	-0.000000324877	-0.000057218138	0.000158002564	-0.000000137918	-0.000000356168
219555091.000000000000	96.044997000000	9.100600000000	0.000234673322	-0.000028970057	-0.000774532970	-0.000014329270	0.003558656451	300.000000000000	0.002178841802	0.003549644890	0.001286226411	0.001883229616	987.756761343164	-0.000262799822	-0.000728744682	0.000000048260	0.000000254055	-0.000057790233	0.000160938319	-0.000000181295	0.000000224000
219555437.000000000000	96.044997000000	9.150500000000	0.000240658570	-0.000030448908	-0.000767527530	-0.000014327507	0.003651009693	300.000000000000	0.002179205646	0.003643159763	0.001276960299	0.001883365042	992.525086680467	-0.000260308316	-0.000722187146	-0.000000064915	-0.000000164744	-0.000058120014	0.000161274765	0.000000102104	-0.000000286026
219555758.000000000000	96.044997000000	9.201000000000	0.000250485645	-0.000028061191	-0.000767240093	-0.000014069563	0.003746317113	300.000000000000	0.002178017345	0.003738508784	0.001268596146	0.001881760318	997.348848218347	-0.000260448307	-0.000721827538	0.000000034938	0.000000060488	-0.000059005441	0.000164228444	-0.000000201382	0.000000045631
219556092.000000000000	96.044997000000	9.250500000000	0.000269503437	-0.000035201963	-0.000762236486	-0.000013847284	0.003830278520	300.000000000000	0.002178083147	0.003819788943	0.001257828523	0.001875951494	1002.075236287292	-0.000258876587	-0.000717076574	-0.000000017284	-0.000000153975	-0.000059577474	0.000165427171	-0.000000001133	-0.000000028527
219556447.000000000000	96.044997000000	9.300700000000	0.000304947825	-0.000040381265	-0.000761984807	-0.000014118760	0.003911523259	300.000000000000	0.002177130957	0.003899920606	0.001248081848	0.001876988878	1006.866588087640	-0.000258525581	-0.000716937459	-0.000000231023	-0.000000432704	-0.000060333560	0.000167569547	0.000000166539	0.000000459594
219556799.000000000000	96.044997000000	9.350700000000	0.000351587110	-0.000038879521	-0.000762384205	-0.000014291230	0.003998703693	300.000000000000	0.002177595440	0.003989700258	0.001241962730	0.001877535181	1011.636974794828	-0.000258511676	-0.000717372631	0.000000111036	0.000000178182	-0.000061378024	0.000169271426	-0.000000625155	0.000000144488
219557139.000000000000	96.044997000000	9.400900000000	0.000458010586	-0.000049965038	-0.000761727838	-0.000014635989	0.004085927051	300.000000000000	0.002177641888	0.004076786991	0.001237543659	0.001882442703	1016.424559436049	-0.000257951517	-0.000716881599	0.000000463678	0.000000135690	-0.000062409878	0.000171623518	0.000000154149	-0.000000093157
219557461.000000000000	96.044997000000	9.451100000000	0.000589933772	-0.000065664607	-0.000761096249	-0.000014419852	0.004187965243	300.000000000000	0.002176933552	0.004179657490	0.001231810437	0.001883920548	1021.210256640114	-0.000257925750	-0.000716218564	-0.000000120264	0.000000348759	-0.000062655281	0.000172882908	-0.000000084516	0.000000032294
219557778.000000000000	96.044997000000	9.500500000000	0.000700288005	-0.000085977278	-0.000759952421	-0.000013959417	0.004278404054	300.000000000000	0.002179368215	0.004269029446	0.001225078618	0.001884311704	1025.917845133474	-0.000257946930	-0.000714992499	0.000000058656	0.000000092203	-0.000063754414	0.000175944057	0.000000153050	-0.000000035191
219558112.000000000000	96.044997000000	9.550900000000	0.000706812419	-0.000076897717	-0.000757514002	-0.000014084218	0.004375903870	300.000000000000	0.002177912836	0.004366490290	0.001217326508	0.001886047908	1030.718845185205	-0.000256963490	-0.000712753612	0.000000023091	-0.000000201589	-0.000064334486	0.000176680069	-0.000000221180	-0.000000387598
219558434.000000000000	96.044997000000	9.600800000000	0.000635898409	-0.000075071032	-0.000756409945	-0.000013657212	0.004463341958	300.000000000000	0.002179290801	0.004452848744	0.001211100891	0.001887192449	1035.470341798728	-0.000256961264	-0.000711576845	0.000000074987	-0.000000339700	-0.000064490661	0.000178459229	-0.000000041337	0.000000212520
219558752.000000000000	96.044997000000	9.650900000000	0.000552232182	-0.000059970170	-0.000756447208	-0.000013370619	0.004535290065	300.000000000000	0.002176074259	0.004524964213	0.001208053822	0.001887778853	1040.239006076943	-0.000257247188	-0.000711500351	0.000000120032	-0.000000179643	-0.000064697218	0.000179668622	-0.000000173654	-0.000000008671
219559088.000000000000	96.044997000000	9.701000000000	0.000499617620	-0.000047180616	-0.000756055503	-0.000013359086	0.004591672227	300.000000000000	0.002176581319	0.004580720105	0.001203450678	0.001890251350	1045.005790137699	-0.000257116688	-0.000711138128	0.000000084441	-0.000000049696	-0.000065371469	0.000180932211	0.000000055599	0.000000023753
219559405.000000000000	96.044997000000	9.750200000000	0.000492979962	-0.000057003121	-0.000754422051	-0.000012869893	0.004651186059	300.000000000000	0.002176434233	0.004640100160	0.001200297110	0.001888267962	1049.685113439589	-0.000256991048	-0.000709431122	0.000000548555	-0.000000316407	-0.000065493602	0.000181017909	0.000000002246	0.000000255522
219559745.000000000000	96.044997000000	9.800800000000	0.000486444047	-0.000054374415	-0.000754017315	-0.000012166731	0.004713079104	300.000000000000	0.002174781449	0.004701826221	0.001198665433	0.001888050361	1054.495696712138	-0.000257504450	-0.000708804450	0.000000321292	-0.000000208871	-0.000065625792	0.000182643856	0.000000100296	0.000000094074
219560087.000000000000	96.044997000000	9.850500000000	0.000479793536	-0.000055421116	-0.000751949528	-0.000012327301	0.004775748145	300.000000000000	0.002176151673	0.004763132160	0.001193467338	0.001887530354	1059.218849032110	-0.000256618233	-0.000706925614	0.000000264762	0.000000260743	-0.000066089084	0.000183090519	0.000000089327	-0.000000086620
219560402.000000000000	96.044997000000	9.900900000000	0.000456471816	-0.000050966722	-0.000750581587	-0.000013374387	0.004843023343	300.000000000000	0.002175195613	0.004834068171	0.001187915560	0.001887281856	1064.006634834979	-0.000255152705	-0.000706019517	0.000000172482	-0.000000085615	-0.000066270794	0.000183963241	0.000000224269	0.000000214723
219560733.000000000000	96.044997000000	9.951000000000	0.000442582189	-0.000049439949	-0.000748923135	-0.000012844081	0.004911106343	300.000000000000	0.002177096121	0.004901065789	0.001183077065	0.001884961876	1068.764035820266	-0.000255061881	-0.000704276908	-0.000000043219	0.000000213153	-0.000066529194	0.000184590604	-0.000000289561	-0.000000348965
219561061.000000000000	96.044997000000	10.000200000000	0.000429839759	-0.000050978255	-0.000746526292	-0.000013153346	0.004967473476	300.000000000000	0.002176174897	0.004955063521	0.001180596022	0.001881331690	1073.434144375555	-0.000253915124	-0.000702150461	0.000000205545	-0.000000139380	-0.000067002726	0.000184890219	-0.000000249057	-0.000000252720
219561382.000000000000	96.044997000000	10.051300000000	0.000420496209	-0.000045908965	-0.000741767332	-0.000013243636	0.005019306960	300.000000000000	0.002175296251	0.005010710977	0.001173603213	0.001874474307	1078.282682654011	-0.000252141634	-0.000697735129	-0.000000270676	0.000000098622	-0.000067294242	0.000185361033	-0.000000234357	-0.000000065038
219561740.000000000000	96.044997000000	10.100900000000	0.000407214508	-0.000051139120	-0.000742634030	-0.000012500902	0.005062671761	300.000000000000	0.002176043294	0.005053565347	0.001166456572	0.001870274152	1082.987024824968	-0.000253137746	-0.000698281543	-0.000000084153	-0.000000166297	-0.000067344556	0.000187058704	0.000000104233	0.000000294937
219562056.000000000000	96.044997000000	10.150800000000	0.000380418590	-0.000039401618	-0.000741246666	-0.000013265555	0.005107242838	300.000000000000	0.002176453587	0.005099508195	0.001161401792	0.001871705321	1087.717960646707	-0.000251931715	-0.000697258149	0.000000335784	-0.000000025151	-0.000067987727	0.000187867611	0.000000090748	-0.000000145133
219562385.000000000000	96.044997000000	10.201000000000	0.000353528593	-0.000042150165	-0.000740842638	-0.000013835604	0.005152179494	300.000000000000	0.002176705181	0.005135633235	0.001159126516	0.001875896930	1092.475456434559	-0.000251252429	-0.000697088882	-0.000000218322	-0.000000087970	-0.000068740768	0.000189568929	-0.000000052198	0.000000023792
219562721.000000000000	96.044997000000	10.250700000000	0.000338226779	-0.000044220327	-0.000742473477	-0.000013790062	0.005205250425	300.000000000000	0.002177231595	0.005191754421	0.001157251599	0.001879331209	1097.183706712945	-0.000251872029	-0.000698594222	0.000000286436	-0.000000097666	-0.000068786426	0.000190880917	-0.000000016085	0.000000126342
219563052.000000000000	96.044997000000	10.300400000000	0.000319483245	-0.000033084332	-0.000742157321	-0.000013503854	0.005268725650	300.000000000000	0.002171804890	0.005252617066	0.001156059068	0.001879259552	1101.890106176272	-0.000252024653	-0.000698192635	-0.000000335534	-0.000000231429	-0.000068873076	0.000191019024	-0.000000129123	0.000000288921
219563395.000000000000	96.044997000000	10.351200000000	0.000314826440	-0.000036250494	-0.000740077411	-0.000013063245	0.005333055712	300.000000000000	0.002175861371	0.005327711848	0.001153827180	0.001880326519	1106.698758677654	-0.000251700425	-0.000696089450	0.000000224341	0.000000184858	-0.000069123167	0.000191321460	-0.000000294077	0.000000276544
219563707.000000000000	96.044997000000	10.400500000000	0.000310323872	-0.000035935036	-0.000738296586	-0.000014374158	0.005414032668	300.000000000000	0.002176132320	0.005400972916	0.001149705914	0.001876990193	1111.363574502338	-0.000249847044	-0.000694895622	0.000000001949	-0.000000006220	-0.000069501106	0.000191460051	0.000000119607	0.000000002588
219564041.000000000000	96.044997000000	10.450800000000	0.000310823039	-0.000029410120	-0.000739759599	-0.000013678244	0.005499014174	300.000000000000	0.002171688769	0.005490904276	0.001147009899	0.001877252497	1116.121134324489	-0.000251010544	-0.000696021161	-0.000000130864	-0.000000168115	-0.000069137886	0.000192484130	0.000000062869	0.000000066068
219564390.000000000000	96.044997000000	10.500700000000	0.000315079277	-0.000029320254	-0.000740144234	-0.000014328555	0.005570086730	300.000000000000	0.002174742742	0.005557050275	0.001146141468	0.001879609291	1120.838987340294	-0.000250541576	-0.000696605664	0.000000034454	-0.000000146818	-0.000069619514	0.000192892659	0.000000096913	-0.000000214227
219564709.000000000000	96.044997000000	10.550700000000	0.000324221358	-0.000039593892	-0.000736454179	-0.000014186881	0.005637084393	300.000000000000	0.002174104079	0.005626022626	0.001145436073	0.001879359478	1125.564423485694	-0.000249361024	-0.000693107643	0.000000348843	0.000000198711	-0.000069972195	0.000193029255	0.000000017260	-0.000000087577
219565014.000000000000	96.044997000000	10.600800000000	0.000325964041	-0.000041385776	-0.000737342649	-0.000014152003	0.005696505025	300.000000000000	0.002175683320	0.005686568418	0.001142751892	0.001877983531	1130.297431499437	-0.000249710569	-0.000693926154	0.000000106520	-0.000000042404	-0.000070295533	0.000194147051	-0.000000016948	0.000000035351
219565432.000000000000	96.044997000000	10.650600000000	0.000325277873	-0.000036788641	-0.000737606542	-0.000013542330	0.005811665087	300.000000000000	0.002174436958	0.005798775536	0.001139426084	0.001879736170	1135.000234108069	-0.000250376026	-0.000693959044	-0.000000224965	0.000000062953	-0.000070179501	0.000195379468	-0.000000050421	0.000000174771
219565766.000000000000	96.044997000000	10.700700000000	0.000329219657	-0.000031730991	-0.000736651353	-0.000013142876	0.005908224104	300.000000000000	0.002176813561	0.005898444399	0.001136565719	0.001880802480	1139.729491566570	-0.000250399774	-0.000692924485	0.000000429114	-0.000000201959	-0.000070077062	0.000194781538	0.000000318467	-0.000000438269
219566074.000000000000	96.044997000000	10.750500000000	0.000337351485	-0.000043124772	-0.000736560905	-0.000014208496	0.006026159566	300.000000000000	0.002177548992	0.006004587590	0.001135333743	0.001879531060	1144.428566045588	-0.000249372593	-0.000693226531	0.000000158525	-0.000000103195	-0.000070738757	0.000195297153	-0.000000099148	0.000000093872
219566407.000000000000	96.044997000000	10.800300000000	0.000329842845	-0.000032972790	-0.000735838711	-0.000014861084	0.006148896622	300.000000000000	0.002175547846	0.006128695410	0.001133120921	0.001877182155	1149.125782036244	-0.000248514007	-0.000692779654	0.000000270549	0.000000121827	-0.000070595247	0.000195219952	-0.000000277152	-0.000000007310
219566743.000000000000	96.044997000000	10.851200000000	0.000335663800	-0.000030439468	-0.000734614643	-0.000014522361	0.006265923329	300.000000000000	0.002176724535	0.006255656127	0.001132892802	0.001876545130	1153.924831263304	-0.000248393096	-0.000691509671	-0.000000251539	-0.000000167737	-0.000070806396	0.000195469128	-0.000000552065	-0.000000048971
219567154.000000000000	96.044997000000	10.900700000000	0.000339685735	-0.000039647028	-0.000733658175	-0.000013275066	0.006355479149	300.000000000000	0.002175602035	0.006340622649	0.001132284045	0.001872624372	1158.590020913274	-0.000249216062	-0.000690175620	-0.000000304478	-0.000000083378	-0.000070365480	0.000194853992	-0.000000045377	-0.000000195216
219567501.000000000000	96.044997000000	10.951200000000	0.000346158009	-0.000040806018	-0.000736856057	-0.000013794796	0.006430711868	300.000000000000	0.002174940148	0.006414278037	0.001135118115	0.001875271081	1163.347564607519	-0.000249868575	-0.000693344286	0.000000453867	-0.000000003130	-0.000070670540	0.000195841220	-0.000000072669	-0.000000262021
219567838.000000000000	96.044997000000	11.000200000000	0.000362252825	-0.000044939488	-0.000737124658	-0.000013105466	0.006484579300	300.000000000000	0.002175919432	0.006475677445	0.001135674936	0.001877885578	1167.961968289432	-0.000250611611	-0.000693352694	0.000000047650	-0.000000188123	-0.000070889395	0.000195787686	0.000000274215	0.000000151895
219568159.000000000000	96.044997000000	11.051200000000	0.000381736179	-0.000050793314	-0.000739742086	-0.000013772498	0.006576693523	300.000000000000	0.002176825173	0.006557546778	0.001136424377	0.001880200298	1172.762804021218	-0.000250918734	-0.000696036437	-0.000000103034	-0.000000250937	-0.000070744033	0.000195593514	0.000000141697	0.000000010819
219568463.000000000000	96.044997000000	11.100400000000	0.000399370134	-0.000047668422	-0.000736502070	-0.000013089237	0.006678229371	300.000000000000	0.002176534871	0.006664457285	0.001135882018	0.001879897234	1177.392351289966	-0.000250401638	-0.000692765349	0.000000412022	-0.000000072338	-0.000070583132	0.000194734034	0.000000172396	0.000000143295
219568838.000000000000	96.044997000000	11.151100000000	0.000417217502	-0.000047442732	-0.000736593620	-0.000012079628	0.006767911518	300.000000000000	0.002177386423	0.006764220298	0.001135283123	0.001877472728	1182.161145471422	-0.000251373773	-0.000692490365	-0.000000142954	-0.000000202663	-0.000070590955	0.000194358905	-0.000000235512	-0.000000299920
219569192.000000000000	96.044997000000	11.200900000000	0.000430716346	-0.000048908972	-0.000737465600	-0.000013758609	0.006844098589	300.000000000000	0.002177881871	0.006827204687	0.001134705265	0.001875206656	1186.843411174390	-0.000250121156	-0.000693906005	-0.000000189410	0.000000009251	-0.000070084587	0.000193997324	0.000000074840	0.000000041011
219569500.000000000000	96.044997000000	11.250300000000	0.000468360277	-0.000058890922	-0.000738632210	-0.000012831134	0.006918249985	300.000000000000	0.002176252311	0.006908448458	0.001137433492	0.001876601010	1191.486232118483	-0.000251399846	-0.000694665581	0.000000050601	0.000000298978	-0.000070402217	0.000193976913	-0.000000054018	-0.000000122524
219569952.000000000000	96.044997000000	11.300900000000	0.000515982461	-0.000066498552	-0.000740717357	-0.000012285356	0.006978706999	300.000000000000	0.002179329508	0.006962746356	0.001140925623	0.001880832063	1196.239938171548	-0.000252656049	-0.000696420388	-0.000000125779	-0.000000011419	-0.000070319856	0.000193565901	-0.000000072550	0.000000006586
219570281.000000000000	96.044997000000	11.350600000000	0.000581553970	-0.000074287848	-0.000740574482	-0.000014074536	0.007017669345	300.000000000000	0.002178640526	0.007010032981	0.001144967344	0.001879701985	1200.907224315972	-0.000250930733	-0.000696919934	-0.000000047898	-0.000000074085	-0.000069896001	0.000192772083	-0.000000442908	-0.000000025521
219570584.000000000000	96.044997000000	11.400600000000	0.000695094240	-0.000083573678	-0.000740783381	-0.000012224874	0.007047569966	300.000000000000	0.002180010750	0.007029273850	0.001149519211	0.001880899776	1205.600815363061	-0.000252731681	-0.000696456025	0.000000048208	-0.000000082522	-0.000069444928	0.000191580733	0.000000093927	-0.000000194786
219570906.000000000000	96.044997000000	11.451000000000	0.000933149801	-0.000115797794	-0.000739612794	-0.000012860743	0.007078201200	300.000000000000	0.002178745034	0.007070131390	0.001150701881	0.001880036604	1210.330059135375	-0.000251722503	-0.000695591589	-0.000000094928	-0.000000047563	-0.000069298366	0.000190404292	0.000000395592	-0.000000113498
219571211.000000000000	96.044997000000	11.500100000000	0.001134174146	-0.000145656568	-0.000740755410	-0.000013148688	0.007129968591	300.000000000000	0.002179472724	0.007112313597	0.001152004856	0.001879813087	1214.935487915596	-0.000251861327	-0.000696759758	-0.000000004328	0.000000241134	-0.000069706130	0.000190877927	0.000000105848	-0.000000004448
219571546.000000000000	96.044997000000	11.551200000000	0.001112312660	-0.000141626627	-0.000740310689	-0.000013472632	0.007193935190	300.000000000000	0.002175079492	0.007188318570	0.001148511410	0.001878680379	1219.726592053801	-0.000251400649	-0.000696460109	-0.000000062268	-0.000000210084	-0.000069935690	0.000191652573	-0.000000184033	0.000000056594
219571923.000000000000	96.044997000000	11.601000000000	0.000910799438	-0.000109794590	-0.000741482168	-0.000013686731	0.007280046801	300.000000000000	0.002178752776	0.007261599542	0.001149186564	0.001881647244	1224.393926280249	-0.000251617775	-0.000697631858	0.000000464534	0.000000022909	-0.000070205151	0.000192501089	0.000000162378	-0.000000229104
219572255.000000000000	96.044997000000	11.650700000000	0.000788114649	-0.000095757136	-0.000740407097	-0.000013123096	0.007330122532	300.000000000000	0.002176972259	0.007314684096	0.001147915802	0.001881459227	1229.050035494780	-0.000251763437	-0.000696423132	-0.000000008997	0.000000032250	-0.000070076473	0.000192478658	-0.000000192185	-0.000000332316
219572563.000000000000	96.044997000000	11.700300000000	0.000707010665	-0.000086923222	-0.000741740698	-0.000013236897	0.007433300001	300.000000000000	0.002179333379	0.007423066713	0.001149355517	0.001883266431	1233.694930888263	-0.000252131058	-0.000697714649	-0.000000043259	0.000000067048	-0.000069765476	0.000192500137	-0.000000182354	0.000000276932
219572923.000000000000	96.044997000000	11.750800000000	0.000636768545	-0.000075988955	-0.000743671497	-0.000013518481	0.007479084664	300.000000000000	0.002177208371	0.007463253054	0.001152002884	0.001884257139	1238.422214664070	-0.000252548668	-0.000699620063	-0.000000198646	-0.000000473822	-0.000069710945	0.000191971151	0.000000300660	0.000000345898
219573365.000000000000	96.044997000000	11.800400000000	0.000618135634	-0.000082327754	-0.000745403451	-0.000013034117	0.007554837379	300.000000000000	0.002179221129	0.007532786607	0.001152816750	0.001884353777	1243.063389600242	-0.000253621692	-0.000701067379	-0.000000038923	0.000000364578	-0.000069142853	0.000191142980	0.000000044622	-0.000000296194
219573696.000000000000	96.044997000000	11.851000000000	0.000654871344	-0.000078708587	-0.000739433290	-0.000013781994	0.007619142806	300.000000000000	0.002179302413	0.007593900899	0.001154510881	0.001881135127	1247.796237017548	-0.000250798223	-0.000695748931	-0.000000167703	0.000000061101	-0.000068984579	0.000189971223	0.000000009998	-0.000000070900
219574045.000000000000	96.044997000000	11.900900000000	0.000750589665	-0.000100118346	-0.000742252465	-0.000012117374	0.007673277820	300.000000000000	0.002178013474	0.007671368839	0.001152901555	0.001878719824	1252.461731362444	-0.000253354938	-0.000697793048	-0.000000189457	0.000000164778	-0.000068757264	0.000189816916	0.000000109905	0.000000231758
219574379.000000000000	96.044997000000	11.951100000000	0.000800106363	-0.000094971243	-0.000741694100	-0.000013642544	0.007752745081	300.000000000000	0.002174754354	0.007745583145	0.001151963440	0.001878896665	1257.153392127278	-0.000251732961	-0.000697812803	0.000000118467	0.000000279751	-0.000069100409	0.000189052990	-0.000000296453	-0.000000220732
219574757.000000000000	96.044997000000	12.000700000000	0.000722967338	-0.000085882278	-0.000742682045	-0.000013560173	0.007873696520	300.000000000000	0.002177796716	0.007857677697	0.001152885120	0.001878256354	1261.787122726086	-0.000252163563	-0.000698709606	-0.000000082268	-0.000000420481	-0.000069000411	0.000189160362	0.000000043341	0.000000068072
219575120.000000000000	96.044997000000	12.051100000000	0.000587665264	-0.000067766564	-0.000742588066	-0.000014008767	0.007942681253	300.000000000000	0.002178114112	0.007926074169	0.001158889850	0.001878343131	1266.493702718150	-0.000251710272	-0.000698775353	-0.000000331287	-0.000000278671	-0.000068257198	0.000187429927	-0.000000233296	0.000000340049
219575440.000000000000	96.044997000000	12.100300000000	0.000523467147	-0.000065528896	-0.000744368900	-0.000014527906	0.008018815442	300.000000000000	0.002177661242	0.008013562907	0.001162776424	0.001878010484	1271.086385446120	-0.000251863934	-0.000700631233	0.000000282391	-0.000000031138	-0.000067419661	0.000186476654	0.000000132700	0.000000390353
219575759.000000000000	96.044997000000	12.151200000000	0.000489125869	-0.000061758162	-0.000746106568	-0.000014289283	0.008074356230	300.000000000000	0.002174467924	0.008053030858	0.001168221703	0.001877074998	1275.835849662009	-0.000252702932	-0.000702166018	-0.000000100174	-0.000000075352	-0.000067390943	0.000185604199	-0.000000066781	0.000000099324
219576133.000000000000	96.044997000000	12.200600000000	0.000474202115	-0.000049422877	-0.000746875153	-0.000014959543	0.008139578634	300.000000000000	0.002174885958	0.008127270731	0.001171631658	0.001876117818	1280.443493128962	-0.000252348569	-0.000703121378	-0.000000113832	0.000000007260	-0.000066941581	0.000184375673	0.000000183322	0.000000202606
219576482.000000000000	96.044997000000	12.250600000000	0.000481580940	-0.000048347772	-0.000748974948	-0.000013975751	0.008170111258	300.000000000000	0.002177471578	0.008158566993	0.001176877086	0.001876546445	1285.105238042614	-0.000254023309	-0.000704732760	-0.000000094252	0.000000097414	-0.000066075808	0.000182719908	0.000000216432	-0.000000073534
219576821.000000000000	96.044997000000	12.300300000000	0.000500177226	-0.000059759529	-0.000749703939	-0.000014220543	0.008227077764	300.000000000000	0.002177556733	0.008235031769	0.001183881070	0.001880879396	1289.737156276393	-0.000254047512	-0.000705503266	0.000000211102	0.000000073158	-0.000065677841	0.000181405434	-0.000000026704	-0.000000018763
219577141.000000000000	96.044997000000	12.351100000000	0.000510108156	-0.000064263828	-0.000752027351	-0.000014754772	0.008282390082	300.000000000000	0.002176360690	0.008273696258	0.001189657023	0.001882845692	1294.469679339265	-0.000254378361	-0.000707858999	0.000000599280	0.000000021413	-0.000065234524	0.000180065301	0.000000241132	0.000000087047
219577529.000000000000	96.044997000000	12.400600000000	0.000513046057	-0.000062228151	-0.000752086148	-0.000013281903	0.008363508142	300.000000000000	0.002177502543	0.008349176796	0.001196409222	0.001880344927	1299.079234744500	-0.000255775448	-0.000707395271	-0.000000441263	-0.000000230484	-0.000065165924	0.000178806033	0.000000044238	-0.000000148177
219577941.000000000000	96.044997000000	12.450900000000	0.000514962742	-0.000059740244	-0.000753090634	-0.000013683589	0.008427162981	300.000000000000	0.002176124578	0.008412119467	0.001199651539	0.001878727712	1303.761407639133	-0.000255757869	-0.000708482814	-0.000000142449	-0.000000124105	-0.000064218352	0.000177283299	-0.000000181581	0.000000141091
219578238.000000000000	96.044997000000	12.500800000000	0.000518835854	-0.000055212825	-0.000754974064	-0.000013193247	0.008506121894	300.000000000000	0.002177738655	0.008472092423	0.001204632033	0.001877972355	1308.404473701059	-0.000256887209	-0.000710067261	-0.000000175338	-0.000000425585	-0.000063644396	0.000176471425	0.000000178010	0.000000329330
219578560.000000000000	96.044997000000	12.550700000000	0.000543511368	-0.000066664059	-0.000755612551	-0.000014871291	0.008564208010	300.000000000000	0.002177792845	0.008542605361	0.001211376343	0.001877076970	1313.045674433310	-0.000255549161	-0.000711254130	-0.000000197984	-0.000000209862	-0.000063518698	0.000174434069	0.000000035591	0.000000000339
219578914.000000000000	96.044997000000	12.601000000000	0.000573042757	-0.000072509149	-0.000756209110	-0.000014801260	0.008616344446	300.000000000000	0.002178845672	0.008597500558	0.001214610772	0.001876373548	1317.722191410585	-0.000255824909	-0.000711787316	-0.000000108965	-0.000000196544	-0.000062865617	0.000173012349	-0.000000113618	0.000000005344
219579311.000000000000	96.044997000000	12.650800000000	0.000610391223	-0.000071185263	-0.000758673129	-0.000014521296	0.008617299207	300.000000000000	0.002177734785	0.008593549567	0.001218710344	0.001876249956	1322.350355047773	-0.000256965628	-0.000713991329	0.000000245580	-0.000000456719	-0.000062396198	0.000172059140	0.000000595398	0.000000193656
219579615.000000000000	96.044997000000	12.701000000000	0.000647545395	-0.000078624436	-0.000758816688	-0.000014389819	0.008586655798	300.000000000000	0.002180676508	0.008581970805	0.001221938856	0.001875556395	1327.013812538580	-0.000257143801	-0.000714077362	0.000000072167	0.000000234489	-0.000062205248	0.000170456662	-0.000000245824	-0.000000367801
219579958.000000000000	96.044997000000	12.750100000000	0.000651136627	-0.000080466198	-0.000761688564	-0.000014601623	0.008608236020	300.000000000000	0.002178323129	0.008589580045	0.001226966683	0.001878867082	1331.573256686068	-0.000257966067	-0.000716838333	-0.000000249547	-0.000000300840	-0.000062021373	0.000169880200	-0.000000022126	0.000000067344
219580264.000000000000	96.044997000000	12.800900000000	0.000651031661	-0.000078758140	-0.000762416414	-0.000015110027	0.008641824201	300.000000000000	0.002179151457	0.008615613014	0.001232786025	0.001878930850	1336.288662852439	-0.000257751703	-0.000717699423	0.000000133730	0.000000081564	-0.000061565980	0.000168493999	-0.000000282878	-0.000000004517
219580640.000000000000	96.044997000000	12.850800000000	0.000683575919	-0.000083852295	-0.000765976382	-0.000015110782	0.008672612307	300.000000000000	0.002177727043	0.008660413169	0.001242441978	0.001879969549	1340.918646528427	-0.000259017380	-0.000721023036	0.000000280215	-0.000000149804	-0.000060598924	0.000166590857	-0.000000280265	-0.000000229101
219580971.000000000000	96.044997000000	12.900800000000	0.000732248521	-0.000087427829	-0.000764490831	-0.000014964142	0.008703688279	300.000000000000	0.002174340191	0.008687400587	0.001248047006	0.001879018285	1345.556038166997	-0.000258627714	-0.000719589920	0.000000226584	-0.000000123924	-0.000060644792	0.000165121046	-0.000000039351	-0.000000180911
219581297.000000000000	96.044997000000	12.951400000000	0.000784464810	-0.000097092322	-0.000764024054	-0.000014093894	0.008708423833	300.000000000000	0.002175772346	0.008688888175	0.001249879849	0.001875186933	1350.247172294494	-0.000259276914	-0.000718829445	-0.000000221402	0.000000491632	-0.000059563750	0.000163754863	-0.000000083923	0.000000229238
219581610.000000000000	96.044997000000	12.999700000000	0.000879510770	-0.000108878897	-0.000767856970	-0.000014712931	0.008688152837	300.000000000000	0.002178195397	0.008673391130	0.001251760682	0.001875056767	1354.723284295154	-0.000260065718	-0.000722640476	0.000000134273	0.000000042397	-0.000059274590	0.000161943945	0.000000430669	-0.000000185048
219581940.000000000000	96.044997000000	13.051400000000	0.001048087804	-0.000128415017	-0.000769123020	-0.000015067216	0.008661633954	300.000000000000	0.002178001862	0.008635834053	0.001261331830	0.001878677750	1359.512549022113	-0.000260181102	-0.000723948823	-0.000000483151	-0.000000138865	-0.000058361475	0.000159673094	-0.000000256179	0.000000303733
219582257.000000000000	96.044997000000	13.100500000000	0.001388420579	-0.000179763268	-0.000773550252	-0.000015021773	0.008632475735	300.000000000000	0.002179793991	0.008616739293	0.001269993787	0.001883359125	1364.059107787563	-0.000261803928	-0.000728066742	0.000000030269	-0.000000172782	-0.000058290063	0.000157253228	0.000000360605	0.000000260327
219582583.000000000000	96.044997000000	13.151000000000	0.001892693944	-0.000247358698	-0.000774748731	-0.000015112237	0.008620870952	300.000000000000	0.002179584974	0.008600783742	0.001279986331	0.001883466939	1368.733420395383	-0.000262146857	-0.000729211878	0.000000314054	0.000000052621	-0.000057936846	0.000154536820	0.000000432652	-0.000000312339
219582932.000000000000	96.044997000000	13.200900000000	0.002295006851	-0.000305981096	-0.000775175425	-0.000014868380	0.008604571891	300.000000000000	0.002178973405	0.008605098870	0.001287292064	0.001883378847	1373.350320842235	-0.000262524147	-0.000729532255	0.000000174732	-0.000000237229	-0.000057681848	0.000152881375	0.000000076681	-0.000000136460
219583261.000000000000	96.044997000000	13.250600000000	0.002365562872	-0.000315100715	-0.000777267717	-0.000014761880	0.008591802403	300.000000000000	0.002177936060	0.008596125045	0.001294039660	0.001883671392	1377.946863379237	-0.000263373996	-0.000731446166	0.000000457489	-0.000000127586	-0.000057393338	0.000152863518	-0.000000144156	0.000000015122
219583603.000000000000	96.044997000000	13.300400000000	0.002069782251	-0.000272081564	-0.000777833110	-0.000015312585	0.008580894446	300.000000000000	0.002178176043	0.008564534439	0.001296525305	0.001883333486	1382.550799400889	-0.000263060739	-0.000732173307	0.000000380882	0.000000346023	-0.000057023232	0.000152490020	0.000000074524	-0.000000047553
219583943.000000000000	96.044997000000	13.350900000000	0.001581083579	-0.000206865950	-0.000778085748	-0.000014811441	0.008603224911	300.000000000000	0.002178354095	0.008607403014	0.001299032645	0.001886017010	1387.217553165226	-0.000263621755	-0.000732224055	0.000000319259	-0.000000040321	-0.000056984043	0.000153310433	-0.000000084185	-0.000000050390
219584295.000000000000	96.044997000000	13.400600000000	0.001096590585	-0.000128582421	-0.000781660045	-0.000014786799	0.008632389936	300.000000000000	0.002176043294	0.008617389881	0.001301006830	0.001888351452	1391.808513914621	-0.000264920909	-0.000735560501	0.000000475692	0.000000398748	-0.000056512079	0.000152970162	-0.000000028304	-0.000000467379
219584620.000000000000	96.044997000000	13.451400000000	0.000809415314	-0.000096884059	-0.000781643889	-0.000015012243	0.008607733425	300.000000000000	0.002177657371	0.008604740627	0.001302881747	0.001886904506	1396.499174336304	-0.000264691150	-0.000735633554	0.000000250901	0.000000158538	-0.000055617276	0.000152585240	0.000000104457	-0.000000279195
219584955.000000000000	96.044997000000	13.500500000000	0.000662606075	-0.000077426120	-0.000778470673	-0.000015516754	0.008570488042	300.000000000000	0.002178605690	0.008543084363	0.001304460174	0.001884203889	1401.031027769568	-0.000263098768	-0.000732839871	0.000000031763	-0.000000062188	-0.000055012944	0.000150631586	0.000000401193	-0.000000063301
219585294.000000000000	96.044997000000	13.550900000000	0.000597052384	-0.000069976532	-0.000778747148	-0.000015059004	0.008548654690	300.000000000000	0.002179031465	0.008521611130	0.001306208212	0.001880872822	1405.680992121188	-0.000263621318	-0.000732941004	-0.000000285794	-0.000000113763	-0.000054608357	0.000149428171	0.000000220728	0.000000009103
219585638.000000000000	96.044997000000	13.600700000000	0.000557252916	-0.000064636690	-0.000780654205	-0.000014388993	0.008561690386	300.000000000000	0.002176531001	0.008547046595	0.001307549974	0.001879514625	1410.273732079198	-0.000264929248	-0.000734487327	0.000000385605	0.000000022941	-0.000054072554	0.000148774940	0.000000061915	-0.000000360157
219585965.000000000000	96.044997000000	13.650500000000	0.000533198980	-0.000059537185	-0.000780301154	-0.000014143439	0.008577792267	300.000000000000	0.002179116620	0.008556335637	0.001311784314	0.001878962406	1414.864615628836	-0.000265025451	-0.000734066433	-0.000000373638	0.000000357764	-0.000053570147	0.000147896366	-0.000000217831	-0.000000055264
219586299.000000000000	96.044997000000	13.701000000000	0.000530498558	-0.000065220780	-0.000781060480	-0.000013800328	0.008607364569	300.000000000000	0.002179213388	0.008575168235	0.001315325093	0.001878737573	1419.518134023767	-0.000265621923	-0.000734647779	-0.000000128809	0.000000021936	-0.000052939825	0.000147356852	0.000000355126	-0.000000237922
219586613.000000000000	96.044997000000	13.750100000000	0.000533559563	-0.000061004613	-0.000779537877	-0.000014046117	0.008616330391	300.000000000000	0.002175814923	0.008612357014	0.001317194750	0.001874716889	1424.040813841941	-0.000264857660	-0.000733313487	0.000000270492	-0.000000286058	-0.000053065794	0.000145715132	0.000000112512	0.000000310473
219586922.000000000000	96.044997000000	13.800900000000	0.000560654622	-0.000071777672	-0.000784043023	-0.000014861897	0.008605285837	300.000000000000	0.002178609560	0.008579375305	0.001322359318	0.001874776056	1428.718184264297	-0.000265693862	-0.000737815235	0.000000394606	-0.000000057386	-0.000052678351	0.000143997490	0.000000139145	-0.000000092370
219587297.000000000000	96.044997000000	13.850500000000	0.000596591228	-0.000064945752	-0.000786667634	-0.000013563643	0.008581135152	300.000000000000	0.002179426276	0.008553979188	0.001329438246	0.001876077716	1433.283202166931	-0.000267845565	-0.000739802139	0.000000138136	-0.000000222663	-0.000051681377	0.000141938889	0.000000344148	-0.000000128662
219587624.000000000000	96.044997000000	13.900800000000	0.000657235793	-0.000066671517	-0.000783496397	-0.000015504641	0.008542002590	300.000000000000	0.002178756646	0.008509969190	0.001335861742	0.001877200562	1437.910765475855	-0.000264900921	-0.000737529284	0.000000059065	-0.000000494690	-0.000050815049	0.000139206958	0.000000073541	0.000000345246
219587984.000000000000	96.044997000000	13.951000000000	0.000782452122	-0.000095819649	-0.000784368935	-0.000013963046	0.008520584668	300.000000000000	0.002175180130	0.008487628675	0.001340988180	0.001868532031	1442.527241170137	-0.000266656320	-0.000737794501	-0.000000004540	-0.000000157545	-0.000050296093	0.000137735090	-0.000000108645	-0.000000086638
219588363.000000000000	96.044997000000	14.000700000000	0.000980827501	-0.000127030132	-0.000788428746	-0.000013547307	0.008433356257	300.000000000000	0.002178745034	0.008410141250	0.001347165807	0.001868303254	1447.095878396853	-0.000268487054	-0.000741442937	-0.000000236090	-0.000000209154	-0.000050180463	0.000136216796	0.000000021883	0.000000085884
219588715.000000000000	96.044997000000	14.050800000000	0.001355468466	-0.000172567400	-0.000791981659	-0.000014847680	0.008390377849	300.000000000000	0.002177893483	0.008369122432	0.001356235356	0.001874523613	1451.699414725957	-0.000268544069	-0.000745217666	0.000000119336	0.000000040009	-0.000049590482	0.000132905249	-0.000000131809	0.000000198465
219589040.000000000000	96.044997000000	14.100600000000	0.001797437519	-0.000239512913	-0.000795933284	-0.000014634595	0.008327934238	300.000000000000	0.002177657371	0.008316697973	0.001368323046	0.001877564107	1456.273523791071	-0.000270148263	-0.000748842388	0.000000062039	-0.000000119160	-0.000048917152	0.000130695512	0.000000124020	-0.000000332176
219589376.000000000000	96.044997000000	14.150900000000	0.002146630666	-0.000289132032	-0.000795171316	-0.000013594590	0.008303053677	300.000000000000	0.002175230449	0.008276370499	0.001377413631	0.001878967008	1460.891674118338	-0.000270853954	-0.000747752437	0.000000071280	0.000000170144	-0.000048573935	0.000129251228	0.000000100056	0.000000127931
219589723.000000000000	96.044997000000	14.200900000000	0.002178391987	-0.000294210302	-0.000796307744	-0.000013693630	0.008275829212	300.000000000000	0.002178199267	0.008254182940	0.001381859656	0.001879080738	1465.480404872413	-0.000271162170	-0.000748852569	-0.000000189322	-0.000000238681	-0.000048519891	0.000129327426	0.000000294884	0.000000487503
219590068.000000000000	96.044997000000	14.250600000000	0.001991142931	-0.000266925700	-0.000798925332	-0.000014084624	0.008215913894	300.000000000000	0.002176945164	0.008214224331	0.001383846331	0.001880550037	1470.039749821048	-0.000271725513	-0.000751441081	-0.000000099561	0.000000194738	-0.000049125838	0.000130956878	-0.000000177068	-0.000000199670
219590483.000000000000	96.044997000000	14.300500000000	0.001730740226	-0.000227895078	-0.000799954716	-0.000015672565	0.008142857220	300.000000000000	0.002178013474	0.008125408307	0.001385794877	0.001883054089	1474.615583324936	-0.000270615249	-0.000752963671	0.000000220323	-0.000000294062	-0.000048334933	0.000128660599	-0.000000007514	-0.000000089491
219590818.000000000000	96.044997000000	14.350800000000	0.001401475301	-0.000178576927	-0.000801102343	-0.000015357251	0.008059780692	300.000000000000	0.002174293743	0.008034006708	0.001390355948	0.001884080955	1479.226211865276	-0.000271316162	-0.000753928089	0.000000085192	0.000000440470	-0.000047954927	0.000128655390	0.000000039404	0.000000119855
219591145.000000000000	96.044997000000	14.400700000000	0.001117821841	-0.000141666424	-0.000798933954	-0.000014018740	0.007981680329	300.000000000000	0.002177475449	0.007952477654	0.001392820556	0.001880331779	1483.798305473540	-0.000271792137	-0.000751427679	0.000000253606	0.000000077594	-0.000046939484	0.000127759494	-0.000000119488	-0.000000110486
219591457.000000000000	96.044997000000	14.451300000000	0.000943125589	-0.000115521624	-0.000800023339	-0.000014955591	0.007925001394	300.000000000000	0.002177587698	0.007906403867	0.001394737547	0.001880053697	1488.432634977102	-0.000271307886	-0.000752778257	0.000000018708	0.000000254423	-0.000046829198	0.000126738990	0.000000089188	0.000000128369
219591791.000000000000	96.044997000000	14.500600000000	0.000851682414	-0.000096956455	-0.000801464872	-0.000014893500	0.007906454966	300.000000000000	0.002177792845	0.007880289456	0.001401410856	0.001879522514	1492.946059017046	-0.000271881033	-0.000754103668	0.000000201262	-0.000000163925	-0.000045771005	0.000125548608	0.000000132093	0.000000153441
219592228.000000000000	96.044997000000	14.550800000000	0.000908140693	-0.000113336079	-0.000798151279	-0.000015523807	0.007870887450	300.000000000000	0.002171530071	0.007849038843	0.001401468708	0.001873931949	1497.540010560131	-0.000270116239	-0.000751215095	0.000000006249	0.000000054923	-0.000045761090	0.000123509199	-0.000000021384	0.000000013948
219592607.000000000000	96.044997000000	14.600800000000	0.001093946428	-0.000131218964	-0.000802530313	-0.000016434259	0.007787267881	300.000000000000	0.002178776000	0.007768072850	0.001403713086	0.001871195833	1502.113786313101	-0.000270821356	-0.000755639397	-0.000000171926	-0.000000393429	-0.000044568692	0.000120037284	0.000000296973	0.000000207117
219592971.000000000000	96.044997000000	14.650400000000	0.001527768985	-0.000203793637	-0.000806558649	-0.000014511251	0.007717009208	300.000000000000	0.002178992758	0.007708872731	0.001414979021	0.001870221560	1506.649124892096	-0.000274058145	-0.000758721134	0.000000058210	-0.000000159228	-0.000043233685	0.000115539700	-0.000000024787	0.000000214998
219593371.000000000000	96.044997000000	14.700800000000	0.002300692701	-0.000312906681	-0.000815945954	-0.000015211489	0.007719145619	300.000000000000	0.002177448354	0.007710171163	0.001434413861	0.001874152837	1511.255729916233	-0.000276748811	-0.000767742834	0.000000018164	0.000000318445	-0.000042070773	0.000109495873	0.000000198825	-0.000000205141
219593727.000000000000	96.044997000000	14.750800000000	0.003068203266	-0.000425302186	-0.000819354840	-0.000015108528	0.007683267372	300.000000000000	0.002179689482	0.007655704408	0.001458334170	0.001878116984	1515.823898001749	-0.000278059669	-0.000770887165	0.000000251371	0.000000189913	-0.000040207743	0.000103457055	-0.000000189428	-0.000000261272
219594085.000000000000	96.044997000000	14.800000000000	0.003200256921	-0.000440703099	-0.000821226542	-0.000015411013	0.007611961758	300.000000000000	0.002175772346	0.007587458066	0.001472979821	0.001879675032	1520.317151029096	-0.000278447851	-0.000772746394	0.000000145407	-0.000000045269	-0.000040535010	0.000103949244	-0.000000055854	0.000000248558
219594412.000000000000	96.044997000000	14.851300000000	0.002587688095	-0.000352983946	-0.000819623076	-0.000013961331	0.007553878285	300.000000000000	0.002178992758	0.007535407836	0.001476078167	0.001882983747	1525.000262205640	-0.000279224537	-0.000770732184	-0.000000155070	0.000000066230	-0.000041853730	0.000108542970	-0.000000016599	0.000000084432
219594751.000000000000	96.044997000000	14.900700000000	0.001793897820	-0.000243668574	-0.000812057191	-0.000014449239	0.007501905274	300.000000000000	0.002179403051	0.007495547729	0.001461742811	0.001883490606	1529.508065580447	-0.000276075125	-0.000763831804	0.000000415947	-0.000000370551	-0.000042560741	0.000113038791	0.000000502847	-0.000000099556
219595123.000000000000	96.044997000000	14.951100000000	0.001279287722	-0.000168623637	-0.000813091205	-0.000014840288	0.007463140281	300.000000000000	0.002180262344	0.007454966144	0.001449124595	0.001880793276	1534.105240239109	-0.000276073033	-0.000764938143	0.000000154941	-0.000000037704	-0.000042640142	0.000114911389	-0.000000108684	0.000000189697
219595503.000000000000	96.044997000000	15.000000000000	0.000991688529	-0.000130886495	-0.000810265680	-0.000015398825	0.007449350545	300.000000000000	0.002177599311	0.007424774050	0.001444940217	0.001880655221	1538.563779632059	-0.000274544357	-0.000762499982	0.000000256154	-0.000000243806	-0.000042447138	0.000114796165	-0.000000052782	0.000000163699
219595841.000000000000	96.044997000000	15.051700000000	0.000750010338	-0.000087001057	-0.000810309991	-0.000015230486	0.007419198179	300.000000000000	0.002178861155	0.007386707735	0.001439919621	0.001877756069	1543.275670237263	-0.000274721060	-0.000762488603	-0.000000148673	-0.000000357920	-0.000042154772	0.000115452355	0.000000264832	0.000000211790
219596180.000000000000	96.044997000000	15.100300000000	0.000662309681	-0.000077296615	-0.000810839423	-0.000013745884	0.007382966616	300.000000000000	0.002183625973	0.007364407836	0.001439668493	0.001876571427	1547.703208314228	-0.000276290797	-0.000762457647	-0.000000294666	0.000000328648	-0.000042100892	0.000114587925	0.000000074231	0.000000233513
219596477.000000000000	96.044997000000	15.151100000000	0.000625472652	-0.000071057715	-0.000810327815	-0.000013965773	0.007350337368	300.000000000000	0.002176654863	0.007340132673	0.001441823464	0.001874531501	1552.329283322642	-0.000275911543	-0.000762047464	0.000000092500	0.000000235906	-0.000041452293	0.000113639180	-0.000000352297	-0.000000189738
219596785.000000000000	96.044997000000	15.200700000000	0.000635824064	-0.000069699325	-0.000812313133	-0.000013887434	0.007327945631	300.000000000000	0.002179155327	0.007321621771	0.001445607482	0.001874028587	1556.844220530389	-0.000276689884	-0.000763874137	0.000000243600	0.000000450768	-0.000040940291	0.000112675959	-0.000000076756	-0.000000442777
219597149.000000000000	96.044997000000	15.250800000000	0.000680344931	-0.000076697609	-0.000813886035	-0.000016202519	0.007271014082	300.000000000000	0.002179383698	0.007275242560	0.001450250728	0.001874799722	1561.402805261321	-0.000275088529	-0.000766168924	0.000000597739	-0.000000071151	-0.000041267784	0.000111878056	-0.000000108479	-0.000000397178
219597545.000000000000	96.044997000000	15.300500000000	0.000696612024	-0.000082163405	-0.000818330159	-0.000014664737	0.007258778015	300.000000000000	0.002179190164	0.007234692351	0.001455949765	0.001880560555	1565.923141324251	-0.000278103797	-0.000769774668	0.000000008405	-0.000000286192	-0.000041089930	0.000112194054	0.000000027624	0.000000122182
219597923.000000000000	96.044997000000	15.350500000000	0.000663364343	-0.000078975290	-0.000817957243	-0.000015273733	0.007240783803	300.000000000000	0.002178570853	0.007218666937	0.001459691052	0.001882656360	1570.468901156035	-0.000277402815	-0.000769648542	0.000000721602	0.000000150982	-0.000040666095	0.000111433442	-0.000000244732	-0.000000182964
219598327.000000000000	96.044997000000	15.400900000000	0.000608296241	-0.000075967946	-0.000817091548	-0.000014921683	0.007226809097	300.000000000000	0.002173875708	0.007200992469	0.001461573201	0.001877769874	1575.049137171291	-0.000277427273	-0.000768707083	0.000000260619	-0.000000358991	-0.000039925448	0.000109606935	-0.000000115476	0.000000222732
219598655.000000000000	96.044997000000	15.450600000000	0.000553773317	-0.000064052889	-0.000817324550	-0.000014494127	0.007185676335	300.000000000000	0.002179240482	0.007164889218	0.001463203563	0.001876954036	1579.563900858562	-0.000277908440	-0.000768774029	-0.000000116709	0.000000086090	-0.000039582846	0.000108601458	0.000000196317	0.000000230155
219599018.000000000000	96.044997000000	15.501100000000	0.000522406275	-0.000057519473	-0.000815075143	-0.000014404413	0.007169615745	300.000000000000	0.002179573362	0.007149811438	0.001461001916	0.001874549909	1584.149447210502	-0.000277194722	-0.000766637288	0.000000054839	-0.000000288823	-0.000039837730	0.000108375242	0.000000178849	0.000000273564
219599413.000000000000	96.044997000000	15.549600000000	0.000506324245	-0.000061719832	-0.000817129524	-0.000014578360	0.007119844462	300.000000000000	0.002179314026	0.007081670549	0.001462790056	0.001873536192	1588.551594883042	-0.000277765311	-0.000768614619	-0.000000186052	-0.000000234288	-0.000039094925	0.000107233165	0.000000178321	-0.000000067964
219599719.000000000000	96.044997000000	15.601500000000	0.000482232135	-0.000056615614	-0.000818943003	-0.000014901727	0.007039963242	300.000000000000	0.002177560604	0.007026654870	0.001465935077	0.001872456076	1593.260401172227	-0.000278102862	-0.000770429230	-0.000000109658	0.000000004158	-0.000039154148	0.000106918206	-0.000000097847	0.000000250326
219600051.000000000000	96.044997000000	15.650600000000	0.000460030460	-0.000049882720	-0.000817573663	-0.000014228309	0.006986271401	300.000000000000	0.002179902370	0.006959466963	0.001469670448	0.001876662148	1597.713316372356	-0.000278248924	-0.000768909243	0.000000297827	-0.000000293570	-0.000038862291	0.000106634879	0.000000295477	0.000000204106
219600375.000000000000	96.044997000000	15.701100000000	0.000456578359	-0.000051802867	-0.000819945709	-0.000014212389	0.006922056290	300.000000000000	0.002179027595	0.006889322289	0.001471106876	0.001877565422	1602.291320915441	-0.000279106078	-0.000771117737	0.000000325647	-0.000000116309	-0.000038593819	0.000106130844	0.000000109427	0.000000161127
219600726.000000000000	96.044997000000	15.750500000000	0.000460618787	-0.000050813816	-0.000818308388	-0.000014673850	0.006881442331	300.000000000000	0.002176240699	0.006866009086	0.001474168407	0.001876746296	1606.767764371840	-0.000278093215	-0.000769757184	0.000000315160	-0.000000275989	-0.000038373146	0.000104776462	0.000000222079	0.000000051976
219601081.000000000000	96.044997000000	15.800600000000	0.000474182710	-0.000047092991	-0.000818407378	-0.000016026851	0.006829164906	300.000000000000	0.002178547629	0.006818722588	0.001475642965	0.001871788154	1611.305778563936	-0.000276862694	-0.000770323435	0.000000334229	-0.000000094241	-0.000037929987	0.000103540907	0.000000157975	0.000000352188
219601452.000000000000	96.044997000000	15.850800000000	0.000485341767	-0.000054342286	-0.000820137114	-0.000015010507	0.006800376413	300.000000000000	0.002178942439	0.006786340135	0.001478435618	0.001867688581	1615.850971467871	-0.000278434089	-0.000771585869	0.000000123964	0.000000009348	-0.000037282180	0.000102778392	0.000000217265	0.000000211881
219601826.000000000000	96.044997000000	15.901000000000	0.000484519755	-0.000055803254	-0.000821137104	-0.000014995186	0.006791531905	300.000000000000	0.002176596802	0.006770722081	0.001481320965	0.001868867964	1620.394283452279	-0.000278800360	-0.000772510778	0.000000311351	-0.000000064996	-0.000037082429	0.000102082251	0.000000217998	-0.000000223698
219602155.000000000000	96.044997000000	15.951100000000	0.000482344236	-0.000051395987	-0.000820258309	-0.000014788158	0.006723136325	300.000000000000	0.002177367069	0.006718787213	0.001487026576	0.001870880936	1624.926669867224	-0.000278682951	-0.000771614039	-0.000000072828	-0.000000285428	-0.000036540175	0.000100300476	0.000000058672	-0.000000070436
219602569.000000000000	96.044997000000	16.000400000000	0.000495860225	-0.000051808468	-0.000823407727	-0.000015252235	0.006663672570	300.000000000000	0.002176616156	0.006647631391	0.001491824312	0.001871657330	1629.384854351305	-0.000279369636	-0.000774725526	0.000000177034	-0.000000057597	-0.000036468915	0.000099113375	0.000000419766	-0.000000326963
219602956.000000000000	96.044997000000	16.051400000000	0.000545772593	-0.000062951611	-0.000826689043	-0.000013948487	0.006609911164	300.000000000000	0.002178524405	0.006594346432	0.001499261525	0.001873144379	1633.994860822993	-0.000281759107	-0.000777326547	0.000000562913	0.000000016205	-0.000035740222	0.000098214854	0.000000220658	-0.000000313677
219603260.000000000000	96.044997000000	16.099900000000	0.000643510290	-0.000072158799	-0.000825519149	-0.000015556432	0.006540538666	300.000000000000	0.002180030103	0.006533608954	0.001502192233	0.001875277655	1638.377086256281	-0.000279839301	-0.000776804816	-0.000000141992	0.000000236432	-0.000035260599	0.000096481451	0.000000130750	-0.000000179187
219603626.000000000000	96.044997000000	16.151200000000	0.000833540272	-0.000100490907	-0.000827906969	-0.000015207371	0.006525292158	300.000000000000	0.002181469999	0.006501463775	0.001507508003	0.001874608418	1643.010396305597	-0.000281013524	-0.000778913157	0.000000106733	0.000000175881	-0.000035226801	0.000095909178	0.000000067156	-0.000000039924
219603951.000000000000	96.044997000000	16.200600000000	0.001183335166	-0.000160226262	-0.000828292858	-0.000015543336	0.006493996215	300.000000000000	0.002178799224	0.006474649620	0.001511096773	0.001873339628	1647.470246746883	-0.000280839354	-0.000779393918	0.000000106611	0.000000058680	-0.000034815593	0.000093138542	0.000000176800	-0.000000195807
219604332.000000000000	96.044997000000	16.250400000000	0.001604430568	-0.000215163249	-0.000832589905	-0.000015650336	0.006477280375	300.000000000000	0.002180633930	0.006456194351	0.001519483935	0.001874086439	1651.964366805923	-0.000282265977	-0.000783445305	0.000000431665	0.000000481277	-0.000034449218	0.000090456339	-0.000000305871	-0.000000023924
219604661.000000000000	96.044997000000	16.300800000000	0.002093415998	-0.000286184812	-0.000835296270	-0.000014410030	0.006449313530	300.000000000000	0.002180382336	0.006432130309	0.001530306780	0.001875643172	1656.510749527215	-0.000284404116	-0.000785532817	0.000000204447	0.000000211964	-0.000033817176	0.000087121294	0.000000071888	-0.000000427071
219605018.000000000000	96.044997000000	16.350900000000	0.002542658708	-0.000350190452	-0.000837139973	-0.000015637956	0.006418486097	300.000000000000	0.002181075189	0.006415999076	0.001541891557	0.001875579404	1661.028192856891	-0.000283911350	-0.000787688055	0.000000161083	-0.000000144110	-0.000032805481	0.000084413740	0.000000099434	-0.000000081307
219605304.000000000000	96.044997000000	16.399800000000	0.002890189562	-0.000408567105	-0.000840476265	-0.000014652335	0.006400858556	300.000000000000	0.002181469999	0.006387802986	0.001553796489	0.001878149197	1665.435628847696	-0.000286019799	-0.000790454302	-0.000000170324	0.000000142945	-0.000032549054	0.000082936741	-0.000000005929	-0.000000154451
219605641.000000000000	96.044997000000	16.451300000000	0.002920288593	-0.000409887703	-0.000840026060	-0.000014824371	0.006372734193	300.000000000000	0.002181377103	0.006365904484	0.001559026140	0.001880214761	1670.075479249486	-0.000285693200	-0.000790095251	-0.000000011395	-0.000000156837	-0.000032811221	0.000083071255	0.000000290771	0.000000125067
219605999.000000000000	96.044997000000	16.500800000000	0.002345878878	-0.000321606901	-0.000837092621	-0.000014213003	0.006352074554	300.000000000000	0.002181377103	0.006341167109	0.001555983673	0.001881542717	1674.533277459850	-0.000285227915	-0.000787143254	-0.000000019005	-0.000000175100	-0.000033927978	0.000087157607	-0.000000141894	0.000000266703
219606340.000000000000	96.044997000000	16.550700000000	0.001670700478	-0.000222765249	-0.000831284780	-0.000014526960	0.006329700165	300.000000000000	0.002174928535	0.006315198495	0.001542721201	0.001877732402	1679.025249330523	-0.000282859175	-0.000781826992	-0.000000042929	-0.000000084792	-0.000034536127	0.000091158732	0.000000032759	-0.000000040926
219606663.000000000000	96.044997000000	16.601100000000	0.001261793648	-0.000163838794	-0.000830503683	-0.000014489949	0.006316212184	300.000000000000	0.002180254603	0.006307548381	0.001530342938	0.001876040901	1683.560346727516	-0.000282612376	-0.000781079194	0.000000006869	-0.000000055256	-0.000034757649	0.000093206476	0.000000221929	0.000000224255
219606969.000000000000	96.044997000000	16.650700000000	0.000977214083	-0.000123214599	-0.000827686380	-0.000014835538	0.006321170047	300.000000000000	0.002178748905	0.006299296634	0.001519915850	0.001873688381	1688.021609867252	-0.000281286296	-0.000778574875	0.000000399015	0.000000303247	-0.000035518999	0.000094369702	-0.000000149986	-0.000000165884
219607330.000000000000	96.044997000000	16.700800000000	0.000748973376	-0.000093745191	-0.000823414905	-0.000013777628	0.006292194671	300.000000000000	0.002178981146	0.006294730352	0.001512492442	0.001873342257	1692.525983976166	-0.000280756350	-0.000774202958	-0.000000276185	-0.000000107125	-0.000035204359	0.000095493602	0.000000025064	0.000000036631
219607674.000000000000	96.044997000000	16.750900000000	0.000599435913	-0.000069420455	-0.000824488591	-0.000014915143	0.006288896292	300.000000000000	0.002176929681	0.006273094429	0.001509274448	0.001867910784	1697.028487486359	-0.000280071063	-0.000775611609	0.000000230542	0.000000221252	-0.000034724758	0.000094847299	-0.000000122416	0.000000117411
219608111.000000000000	96.044997000000	16.800100000000	0.000524920269	-0.000067661307	-0.000824857855	-0.000015690171	0.006273662797	300.000000000000	0.002177030319	0.006271152732	0.001507647373	0.001865985904	1701.448287378907	-0.000279478350	-0.000776236118	0.000000077078	0.000000034187	-0.000034781293	0.000095116856	0.000000103252	0.000000131565
219608443.000000000000	96.044997000000	16.851300000000	0.000455868621	-0.000047998199	-0.000826249583	-0.000014676391	0.006270858612	300.000000000000	0.002177080638	0.006254651653	0.001508206167	0.001867658341	1706.045838817550	-0.000280927706	-0.000777174974	-0.000000081943	0.000000012970	-0.000034877462	0.000095237351	-0.000000038918	0.000000148780
219608763.000000000000	96.044997000000	16.901000000000	0.000416479633	-0.000048358598	-0.000828703329	-0.000014698797	0.006252359724	300.000000000000	0.002176561966	0.006245971615	0.001512315600	0.001870249171	1710.506828281501	-0.000281776903	-0.000779476381	-0.000000207372	-0.000000421207	-0.000034691215	0.000095646567	-0.000000344121	0.000000194564
219609103.000000000000	96.044997000000	16.951000000000	0.000380636464	-0.000042468247	-0.000827319562	-0.000015097789	0.006238511177	300.000000000000	0.002178338612	0.006223254215	0.001512844810	0.001871311536	1714.992888421066	-0.000280909760	-0.000778325015	0.000000248623	-0.000000128325	-0.000034786545	0.000095467574	-0.000000240435	0.000000010265
219609467.000000000000	96.044997000000	17.001000000000	0.000355072863	-0.000037125063	-0.000830433097	-0.000015592036	0.006233978809	300.000000000000	0.002176933552	0.006212708180	0.001517700398	0.001874247503	1719.477086331404	-0.000281558137	-0.000781412072	0.000000040601	0.000000336739	-0.000034473635	0.000094958407	-0.000000034625	-0.000000258504
