219308391.000000000000	96.044997000000	7.996400000000	0.000226546709	-0.000024504728	-0.000239012337	0.000011415334	0.001884056188	300.000000000000	0.002180664896	0.001393030903	0.000340803941	0.000474794124	881.765064804571	-0.000095882028	-0.000219250148	-0.000000336441	-0.000000365224	-0.000010773534	0.000032583366	-0.000000050959	0.000000093748
219308830.000000000000	96.044997000000	8.051700000000	0.000239675143	-0.000026415186	-0.000236470136	0.000011478230	0.001960009407	300.000000000000	0.002181028741	0.001955803832	0.000364619190	0.000475807935	887.094990593094	-0.000095037327	-0.000216850234	0.000000153144	-0.000000037583	-0.000011128242	0.000033100427	0.000000225742	-0.000000207340
219309243.000000000000	96.044997000000	8.100100000000	0.000243755063	-0.000028956112	-0.000236073329	0.000011578089	0.002038520797	300.000000000000	0.002181500965	0.002033591061	0.000362548993	0.000475599319	891.758003281859	-0.000094986215	-0.000216445032	-0.000000004334	-0.000000102982	-0.000011346839	0.000034085292	0.000000272146	-0.000000001242
219309547.000000000000	96.044997000000	8.151100000000	0.000247402547	-0.000030281236	-0.000235918421	0.000011569341	0.002114190530	300.000000000000	0.002182685395	0.002109038950	0.000360091898	0.000475814853	896.669612296337	-0.000094922082	-0.000216303479	0.000000070501	-0.000000031991	-0.000011561139	0.000034928535	0.000000277403	-0.000000165561
219309888.000000000000	96.044997000000	8.200600000000	0.000251855666	-0.000032110472	-0.000236104415	0.000011207613	0.002187317899	300.000000000000	0.002181299689	0.002181374108	0.000357026516	0.000476238472	901.434901420867	-0.000094652477	-0.000216606561	0.000000091743	-0.000000384112	-0.000011672671	0.000035866154	-0.000000231844	0.000000112934
219310225.000000000000	96.044997000000	8.250500000000	0.000257804961	-0.000034908120	-0.000234645075	0.000011339222	0.002267658062	300.000000000000	0.002182526697	0.002263501050	0.000355008473	0.000476864321	906.236842515478	-0.000094258030	-0.000215196591	0.000000137689	-0.000000090261	-0.000011913863	0.000036687934	0.000000304938	0.000000076679
219310559.000000000000	96.044997000000	8.300500000000	0.000253847083	-0.000029309579	-0.000234354150	0.000011170295	0.002347295037	300.000000000000	0.002177924448	0.002342693554	0.000352384272	0.000475585482	911.046538143368	-0.000093994500	-0.000214986979	0.000000012427	0.000000190348	-0.000012095577	0.000037788677	0.000000182575	0.000000028396
219310863.000000000000	96.044997000000	8.350700000000	0.000248407626	-0.000028760004	-0.000233458899	0.000011238317	0.002437752438	300.000000000000	0.002180719086	0.002433942798	0.000351081485	0.000475685000	915.873590742774	-0.000093736718	-0.000214127387	-0.000000046214	-0.000000096591	-0.000012667602	0.000038188879	-0.000000013838	0.000000100002
219311230.000000000000	96.044997000000	8.400700000000	0.000238680554	-0.000028375714	-0.000232722715	0.000011586373	0.002539384122	300.000000000000	0.002178756646	0.002534077928	0.000346707462	0.000477495492	920.679537637949	-0.000093802206	-0.000213311214	-0.000000168638	0.000000060243	-0.000012948911	0.000039555652	0.000000031398	0.000000010048
219311617.000000000000	96.044997000000	8.450600000000	0.000223846229	-0.000018116346	-0.000232765305	0.000011435308	0.002620200002	300.000000000000	0.002178919215	0.002612973676	0.000344065166	0.000479557174	925.474007467334	-0.000093673246	-0.000213407626	0.000000014779	-0.000000100241	-0.000013477239	0.000040282032	-0.000000203892	0.000000255949
219311932.000000000000	96.044997000000	8.501000000000	0.000220707558	-0.000025359535	-0.000230804732	0.000011339735	0.002696747299	300.000000000000	0.002177181276	0.002689774433	0.000340861417	0.000479155907	930.314626570251	-0.000092887867	-0.000211610505	0.000000273308	0.000000178134	-0.000013084400	0.000040832169	0.000000207943	0.000000068099
219312283.000000000000	96.044997000000	8.550500000000	0.000220533444	-0.000029858813	-0.000230511535	0.000010877153	0.002767956267	300.000000000000	0.002180858430	0.002762587698	0.000339773100	0.000476879754	935.066955627874	-0.000092355541	-0.000211499776	0.000000137745	-0.000000089668	-0.000013646183	0.000041692644	-0.000000088291	0.000000001060
219312606.000000000000	96.044997000000	8.601200000000	0.000214395541	-0.000025046271	-0.000228896229	0.000010604796	0.002843923047	300.000000000000	0.002182306068	0.002837013304	0.000335738610	0.000475686065	939.932591595129	-0.000091518653	-0.000210087329	-0.000000161571	0.000000006476	-0.000013748240	0.000042255026	-0.000000101467	0.000000052744
219312937.000000000000	96.044997000000	8.650500000000	0.000217218055	-0.000028406074	-0.000227750829	0.000011065677	0.002926899030	300.000000000000	0.002180796499	0.002919958786	0.000331796721	0.000475461483	944.662025774520	-0.000091543500	-0.000208851781	0.000000082030	0.000000302274	-0.000014407313	0.000043320087	0.000000033060	-0.000000527600
219313251.000000000000	96.044997000000	8.700900000000	0.000209945096	-0.000019262056	-0.000226431382	0.000011361784	0.003015488634	300.000000000000	0.002180966810	0.003009466225	0.000326946392	0.000475242755	949.495104277208	-0.000091357809	-0.000207511809	0.000000170682	-0.000000127421	-0.000014483308	0.000043900879	0.000000336986	0.000000021596
219313584.000000000000	96.044997000000	8.750600000000	0.000216058259	-0.000030076015	-0.000225558774	0.000010990210	0.003105756068	300.000000000000	0.002180200413	0.003091817137	0.000323852273	0.000475567388	954.259194701053	-0.000090695881	-0.000206824869	0.000000299820	-0.000000077013	-0.000014737302	0.000044060010	0.000000186839	-0.000000256256
219313899.000000000000	96.044997000000	8.800400000000	0.000217473202	-0.000027333996	-0.000226002689	0.000010805828	0.003180506373	300.000000000000	0.002179840439	0.003171388064	0.000322781518	0.000475070860	959.031016179904	-0.000090678667	-0.000207311964	0.000000091085	-0.000000231876	-0.000014514777	0.000044457917	0.000000102583	0.000000055616
219314205.000000000000	96.044997000000	8.850700000000	0.000217742759	-0.000025000525	-0.000225417731	0.000010835910	0.003246577831	300.000000000000	0.002179635293	0.003240891663	0.000323134888	0.000473464195	963.848862868368	-0.000090494209	-0.000206753100	-0.000000187981	-0.000000039138	-0.000014518017	0.000045621428	-0.000000056860	0.000000027517
219314506.000000000000	96.044997000000	8.900500000000	0.000218311793	-0.000023028032	-0.000225722972	0.000010877894	0.003298607238	300.000000000000	0.002179484336	0.003294150663	0.000322031138	0.000472815995	968.616952441229	-0.000090643251	-0.000207026182	-0.000000022033	0.000000037978	-0.000015070984	0.000046304602	0.000000158810	0.000000132777
219314799.000000000000	96.044997000000	8.951000000000	0.000225144652	-0.000025986953	-0.000223980049	0.000011290877	0.003373460658	300.000000000000	0.002177359328	0.003367259420	0.000318592695	0.000474921848	973.450167263829	-0.000090405336	-0.000205248491	-0.000000004649	-0.000000112110	-0.000015912158	0.000047003495	-0.000000195242	-0.000000084480
219315150.000000000000	96.044997000000	9.000500000000	0.000231581337	-0.000027568671	-0.000223064445	0.000010687224	0.003421700913	300.000000000000	0.002179244353	0.003414183113	0.000314790770	0.000475249141	978.185821797471	-0.000089520991	-0.000204612142	0.000000189243	-0.000000174288	-0.000015400456	0.000047560577	0.000000077952	-0.000000005642
219315472.000000000000	96.044997000000	9.050800000000	0.000231575354	-0.000022166832	-0.000222832914	0.000010813956	0.003492635025	300.000000000000	0.002179716577	0.003484788343	0.000311890365	0.000475505654	982.996132834875	-0.000089548907	-0.000204343621	-0.000000219287	0.000000463902	-0.000015778253	0.000048601609	-0.000000186899	0.000000175848
219315854.000000000000	96.044997000000	9.100500000000	0.000234634178	-0.000028586192	-0.000222563795	0.000010960613	0.003569128405	300.000000000000	0.002180661025	0.003561419082	0.000311025033	0.000476051143	987.747203708926	-0.000089596456	-0.000204045094	0.000000471288	-0.000000088587	-0.000016176600	0.000049389352	0.000000053449	0.000000386744
219316160.000000000000	96.044997000000	9.150900000000	0.000238442475	-0.000028970300	-0.000222320697	0.000010957539	0.003657261821	300.000000000000	0.002178923086	0.003650578535	0.000310793001	0.000475088422	992.563302196077	-0.000089503861	-0.000203814461	-0.000000008007	-0.000000418808	-0.000016415668	0.000049828349	0.000000122920	-0.000000102479
219316464.000000000000	96.044997000000	9.200800000000	0.000242488257	-0.000020328057	-0.000221942798	0.000010628801	0.003751380789	300.000000000000	0.002182615723	0.003742918524	0.000309439656	0.000475545036	997.329747978998	-0.000089065084	-0.000203579815	0.000000343872	-0.000000014389	-0.000016623579	0.000050222269	0.000000075080	0.000000216246
219316767.000000000000	96.044997000000	9.250900000000	0.000268766732	-0.000034007710	-0.000221143173	0.000011122375	0.003832570582	300.000000000000	0.002182042861	0.003823125100	0.000306944243	0.000475096937	1002.113421848342	-0.000089237926	-0.000202655594	0.000000193923	-0.000000046333	-0.000016559653	0.000050695023	-0.000000041656	0.000000330810
219317083.000000000000	96.044997000000	9.299700000000	0.000295727738	-0.000031602068	-0.000221417271	0.000011070748	0.003910980450	300.000000000000	0.002179375957	0.003901637422	0.000305626023	0.000475884037	1006.771161255838	-0.000089283613	-0.000202934708	0.000000322578	0.000000016886	-0.000016904103	0.000051341365	-0.000000029392	-0.000000347697
219317409.000000000000	96.044997000000	9.351300000000	0.000358112944	-0.000036632952	-0.000219863607	0.000010707019	0.003998834028	300.000000000000	0.002181500965	0.003990576128	0.000302197159	0.000475367286	1011.694208066454	-0.000088392131	-0.000201608279	0.000000040756	0.000000152285	-0.000016885515	0.000052009966	0.000000096244	-0.000000070647
219317796.000000000000	96.044997000000	9.400600000000	0.000448603291	-0.000049648373	-0.000218927446	0.000010702884	0.004082216401	300.000000000000	0.002180320405	0.004073108031	0.000300399973	0.000474266729	1016.395953978441	-0.000088057150	-0.000200732409	-0.000000076726	0.000000004387	-0.000017285469	0.000052644688	0.000000146553	0.000000211866
219318129.000000000000	96.044997000000	9.450800000000	0.000596555142	-0.000068669672	-0.000218494796	0.000011093914	0.004183359944	300.000000000000	0.002182035120	0.004173357359	0.000300376024	0.000474813282	1021.181662462201	-0.000088266177	-0.000200192877	-0.000000089220	-0.000000083519	-0.000017416887	0.000053448036	-0.000000018098	-0.000000059635
219318446.000000000000	96.044997000000	9.500800000000	0.000699294140	-0.000082364139	-0.000218631806	0.000011287088	0.004275528303	300.000000000000	0.002181380973	0.004266635045	0.000298554357	0.000475673292	1025.946428143678	-0.000088496510	-0.000200253190	0.000000149756	-0.000000172932	-0.000018173832	0.000053677813	-0.000000030804	-0.000000098675
219318788.000000000000	96.044997000000	9.550800000000	0.000711532606	-0.000073986089	-0.000218932988	0.000011010146	0.004372532758	300.000000000000	0.002181965447	0.004362639262	0.000296759299	0.000476458264	1030.709321275273	-0.000088345922	-0.000200628186	-0.000000012305	-0.000000096897	-0.000017895720	0.000053970281	-0.000000150811	0.000000043423
219319144.000000000000	96.044997000000	9.600800000000	0.000630460926	-0.000065796375	-0.000218285972	0.000010786573	0.004457495638	300.000000000000	0.002182313809	0.004446137573	0.000293718398	0.000477279425	1035.470341798728	-0.000087904990	-0.000200108276	0.000000240921	0.000000240668	-0.000018547634	0.000055038997	0.000000091074	0.000000118007
219319439.000000000000	96.044997000000	9.650500000000	0.000550732860	-0.000056128875	-0.000217683225	0.000010848392	0.004527538646	300.000000000000	0.002182213171	0.004519402515	0.000292003700	0.000477113383	1040.200940354913	-0.000087744738	-0.000199528586	0.000000108646	-0.000000041357	-0.000018707288	0.000054431569	0.000000078951	-0.000000052429
219319813.000000000000	96.044997000000	9.700700000000	0.000500391280	-0.000049445963	-0.000217052100	0.000010497444	0.004585037188	300.000000000000	0.002181930611	0.004576025685	0.000290318804	0.000476947342	1044.977252116360	-0.000087197182	-0.000199063111	0.000000089393	0.000000360868	-0.000018409696	0.000054596613	-0.000000220930	-0.000000053599
219320181.000000000000	96.044997000000	9.750500000000	0.000490879427	-0.000051685831	-0.000217695766	0.000010536949	0.004651183677	300.000000000000	0.002181102284	0.004640101221	0.000290547111	0.000476613130	1049.713640336515	-0.000087460407	-0.000199650609	0.000000285883	0.000000037836	-0.000018473219	0.000055213126	-0.000000200110	0.000000154557
219320497.000000000000	96.044997000000	9.800800000000	0.000486245821	-0.000052382602	-0.000216671779	0.000010918769	0.004711648011	300.000000000000	0.002180680379	0.004700738819	0.000291054283	0.000476938295	1054.495696712138	-0.000087456661	-0.000198551692	0.000000317302	0.000000244835	-0.000018323712	0.000055596117	0.000000226067	-0.000000014770
219320833.000000000000	96.044997000000	9.850500000000	0.000479813829	-0.000051201242	-0.000216431906	0.000010964297	0.004771716567	300.000000000000	0.002181218404	0.004759724219	0.000290276762	0.000475872329	1059.218849032110	-0.000087405725	-0.000198318515	-0.000000115403	-0.000000077504	-0.000018481516	0.000056214235	-0.000000228379	0.000000198859
219321183.000000000000	96.044997000000	9.900800000000	0.000455285758	-0.000047899856	-0.000216141314	0.000010940812	0.004843371906	300.000000000000	0.002179584974	0.004831664423	0.000288949494	0.000476057529	1063.997137144161	-0.000087284261	-0.000198047408	0.000000178068	-0.000000040424	-0.000018715713	0.000055552280	0.000000222959	-0.000000343533
219321482.000000000000	96.044997000000	9.950400000000	0.000438792813	-0.000043952860	-0.000216520288	0.000011070636	0.004912376287	300.000000000000	0.002180057198	0.004897810994	0.000287183706	0.000475405604	1068.707072083740	-0.000087544657	-0.000198356689	0.000000144627	-0.000000141711	-0.000018952558	0.000056367400	-0.000000263071	0.000000125013
219321818.000000000000	96.044997000000	10.000900000000	0.000431376090	-0.000045504655	-0.000215920205	0.000011122118	0.004973754816	300.000000000000	0.002175803311	0.004959632530	0.000285775547	0.000475497139	1073.500575924456	-0.000087374072	-0.000197786634	0.000000107001	0.000000099889	-0.000018761082	0.000056344508	-0.000000228661	0.000000050344
219322131.000000000000	96.044997000000	10.050600000000	0.000425372661	-0.000045897107	-0.000214000705	0.000011012942	0.005028123453	300.000000000000	0.002178466345	0.005017366234	0.000283683530	0.000475178361	1078.216277537842	-0.000086587944	-0.000196027470	-0.000000089851	0.000000102464	-0.000019232711	0.000056470574	-0.000000243145	-0.000000158552
219322457.000000000000	96.044997000000	10.101100000000	0.000409878043	-0.000051722227	-0.000213137823	0.000010459870	0.005077259449	300.000000000000	0.002180626189	0.005062992805	0.000283816576	0.000472451448	1083.005990215386	-0.000085762299	-0.000195421118	-0.000000000852	0.000000002504	-0.000018426542	0.000056414007	0.000000007969	0.000000005944
219322795.000000000000	96.044997000000	10.150500000000	0.000377541576	-0.000039164396	-0.000214474447	0.000011001154	0.005115883854	300.000000000000	0.002177823810	0.005107215701	0.000282087509	0.000473028336	1087.689523721267	-0.000086743247	-0.000196470222	-0.000000295401	0.000000328516	-0.000019111553	0.000057300334	0.000000046169	-0.000000159749
219323289.000000000000	96.044997000000	10.200800000000	0.000353572642	-0.000038992016	-0.000213924924	0.000011018242	0.005160094963	300.000000000000	0.002179391439	0.005151167765	0.000281649521	0.000475568984	1092.456506014441	-0.000086564319	-0.000195953316	0.000000016964	0.000000378759	-0.000018873516	0.000057472796	0.000000056953	-0.000000150283
219323622.000000000000	96.044997000000	10.250500000000	0.000332886321	-0.000031025939	-0.000213501601	0.000010416915	0.005213004109	300.000000000000	0.002180482974	0.005203018816	0.000281199825	0.000474642983	1097.164763740713	-0.000085858232	-0.000195767458	0.000000026577	-0.000000197762	-0.000019144973	0.000057663686	-0.000000062745	-0.000000101861
219323993.000000000000	96.044997000000	10.300600000000	0.000321783879	-0.000030934005	-0.000212817743	0.000010770064	0.005279125909	300.000000000000	0.002180386206	0.005268616781	0.000280597393	0.000472417388	1101.909041670526	-0.000085940474	-0.000195005868	0.000000290161	0.000000115767	-0.000018952919	0.000057468280	-0.000000384820	-0.000000031717
219324316.000000000000	96.044997000000	10.350700000000	0.000312297792	-0.000028390581	-0.000211754323	0.000010978065	0.005354869521	300.000000000000	0.002179209517	0.005344981559	0.000278634165	0.000471943744	1106.651438843330	-0.000085753815	-0.000193933889	-0.000000034687	0.000000023390	-0.000018863912	0.000057720255	-0.000000154646	0.000000166329
219324627.000000000000	96.044997000000	10.400600000000	0.000314831299	-0.000037155035	-0.000211623660	0.000010935982	0.005439340539	300.000000000000	0.002175822664	0.005426990553	0.000277982771	0.000472312548	1111.373034752578	-0.000085674542	-0.000193827545	-0.000000164634	0.000000301717	-0.000018947598	0.000057865486	-0.000000044289	0.000000080577
219324978.000000000000	96.044997000000	10.451100000000	0.000319988153	-0.000038439527	-0.000212518431	0.000010644126	0.005524877218	300.000000000000	0.002179414663	0.005514701210	0.000278285584	0.000472136395	1116.149503745346	-0.000085719177	-0.000194764817	0.000000132019	0.000000006519	-0.000019054440	0.000058002586	0.000000080603	0.000000017272
219325312.000000000000	96.044997000000	10.500100000000	0.000318499655	-0.000027035869	-0.000211142470	0.000010578315	0.005593050023	300.000000000000	0.002179832698	0.005579105753	0.000278438853	0.000470821368	1120.782270731466	-0.000085163510	-0.000193502767	-0.000000144384	-0.000000170529	-0.000019148671	0.000058154206	-0.000000199433	-0.000000145007
219325652.000000000000	96.044997000000	10.551300000000	0.000328626243	-0.000038318320	-0.000212313261	0.000010981691	0.005662501921	300.000000000000	0.002180196543	0.005648488050	0.000277482518	0.000471340780	1125.621117344315	-0.000085955931	-0.000194461531	-0.000000204364	-0.000000017554	-0.000019047798	0.000058322851	-0.000000057470	-0.000000135491
219326024.000000000000	96.044997000000	10.600500000000	0.000325552603	-0.000034193609	-0.000211692941	0.000010638042	0.005740666946	300.000000000000	0.002177099992	0.005729672487	0.000275791236	0.000471529705	1130.269095731786	-0.000085412198	-0.000194002255	0.000000024157	-0.000000149885	-0.000019526057	0.000058718205	-0.000000070874	0.000000230778
219326415.000000000000	96.044997000000	10.650600000000	0.000331997901	-0.000039042331	-0.000211406859	0.000010593357	0.005841349711	300.000000000000	0.002181559025	0.005830767925	0.000274573598	0.000471454667	1135.000234108069	-0.000085274901	-0.000193749939	0.000000223461	0.000000222618	-0.000019623404	0.000058854919	-0.000000010268	0.000000248330
219326777.000000000000	96.044997000000	10.700800000000	0.000331840761	-0.000035530842	-0.000211385793	0.000010986958	0.005943388256	300.000000000000	0.002181942223	0.005933400324	0.000274796051	0.000472952234	1139.738929321295	-0.000085627101	-0.000193584755	0.000000078351	0.000000094406	-0.000019474571	0.000059010011	0.000000111791	-0.000000275275
219327109.000000000000	96.044997000000	10.750500000000	0.000339998543	-0.000042365528	-0.000212458477	0.000011195819	0.006070987666	300.000000000000	0.002180858430	0.006045439054	0.000275152082	0.000474129426	1144.428566045588	-0.000086209549	-0.000194524922	0.000000025021	0.000000153570	-0.000019549489	0.000059415425	-0.000000265798	0.000000034947
219327483.000000000000	96.044997000000	10.800700000000	0.000337347670	-0.000033769969	-0.000212538123	0.000011379954	0.006199971331	300.000000000000	0.002176898716	0.006178146260	0.000275144632	0.000474870758	1149.163503154949	-0.000086413600	-0.000194524797	0.000000166976	-0.000000063750	-0.000019648045	0.000059663010	0.000000486910	-0.000000019956
219327805.000000000000	96.044997000000	10.850300000000	0.000340515124	-0.000037772839	-0.000212276682	0.000011119369	0.006297445062	300.000000000000	0.002181125508	0.006277148785	0.000274865235	0.000475397089	1153.839992637173	-0.000086074593	-0.000194381163	0.000000072574	-0.000000117518	-0.000019401071	0.000059732289	0.000000130357	0.000000269287
219328158.000000000000	96.044997000000	10.900900000000	0.000339745161	-0.000033139265	-0.000212310804	0.000010765019	0.006388472100	300.000000000000	0.002180664896	0.006374344923	0.000274718352	0.000474814879	1158.608866439919	-0.000085753330	-0.000194538403	-0.000000123143	-0.000000045007	-0.000019706935	0.000059274537	0.000000570031	-0.000000092383
219328489.000000000000	96.044997000000	10.950800000000	0.000353966940	-0.000045644698	-0.000211249574	0.000010754309	0.006467658923	300.000000000000	0.002181469999	0.006461071425	0.000274771571	0.000475705223	1163.309888602022	-0.000085366603	-0.000193545706	0.000000013039	0.000000168424	-0.000019362572	0.000059419407	-0.000000282518	0.000000317769
219328843.000000000000	96.044997000000	11.000900000000	0.000367693738	-0.000043479990	-0.000211915796	0.000010881225	0.006552899436	300.000000000000	0.002178899862	0.006535491093	0.000275110040	0.000475285862	1168.027875306310	-0.000085723489	-0.000194123365	0.000000188703	-0.000000022627	-0.000019884957	0.000059440799	-0.000000149025	0.000000114654
219329246.000000000000	96.044997000000	11.050200000000	0.000383908542	-0.000040539629	-0.000211155452	0.000010616557	0.006611215228	300.000000000000	0.002181613215	0.006610706492	0.000273778515	0.000472220480	1172.668688722162	-0.000085203861	-0.000193509082	-0.000000208040	0.000000240496	-0.000019613615	0.000058987759	-0.000000151183	0.000000141752
219329628.000000000000	96.044997000000	11.101100000000	0.000404119670	-0.000048234989	-0.000210783024	0.000011014008	0.006708798009	300.000000000000	0.002183196326	0.006688971864	0.000273834394	0.000470144429	1177.458205744193	-0.000085443929	-0.000193015297	-0.000000066861	0.000000243904	-0.000019361362	0.000058988708	-0.000000223313	0.000000359248
219329965.000000000000	96.044997000000	11.151000000000	0.000420241736	-0.000048949289	-0.000212258376	0.000010709866	0.006807697321	300.000000000000	0.002182139628	0.006784575533	0.000274233532	0.000471688828	1182.151741461712	-0.000085684524	-0.000194502892	0.000000162786	-0.000000145049	-0.000019715900	0.000058965441	0.000000120741	-0.000000249230
219330301.000000000000	96.044997000000	11.200500000000	0.000433729158	-0.000051268514	-0.000212668648	0.000010982146	0.006885871162	300.000000000000	0.002177115474	0.006866822541	0.000274598611	0.000473670683	1186.805810018559	-0.000086086779	-0.000194793956	0.000000256642	0.000000197025	-0.000019484469	0.000059056273	-0.000000148376	0.000000141918
219330619.000000000000	96.044997000000	11.250800000000	0.000470536255	-0.000055256184	-0.000213116274	0.000010785859	0.006970751959	300.000000000000	0.002182054473	0.006957314785	0.000276296279	0.000473647799	1191.533214884603	-0.000086065912	-0.000195281125	0.000000085987	0.000000149186	-0.000019538809	0.000059000358	0.000000010129	0.000000306541
219331032.000000000000	96.044997000000	11.300400000000	0.000525381021	-0.000064043019	-0.000212506494	0.000011062386	0.007033721489	300.000000000000	0.002179546267	0.007016759556	0.000275970582	0.000474406694	1196.192974177717	-0.000086101543	-0.000194608945	-0.000000086562	0.000000120129	-0.000019726741	0.000059349597	0.000000181007	-0.000000215516
219331388.000000000000	96.044997000000	11.350800000000	0.000591799635	-0.000073441152	-0.000212442586	0.000011065199	0.007064797637	300.000000000000	0.002179793991	0.007055747490	0.000273869518	0.000474228944	1200.926002412109	-0.000086083893	-0.000194552231	-0.000000192913	0.000000118817	-0.000019762863	0.000058421922	0.000000186664	0.000000092889
219331687.000000000000	96.044997000000	11.401000000000	0.000708176063	-0.000083002545	-0.000213888753	0.000011192867	0.007109441405	300.000000000000	0.002176712923	0.007090593472	0.000274965286	0.000475228918	1205.638356537624	-0.000086717628	-0.000195855751	0.000000028634	-0.000000078327	-0.000019458523	0.000058711524	-0.000000151391	0.000000098886
219332018.000000000000	96.044997000000	11.450700000000	0.000972770990	-0.000117197401	-0.000214117076	0.000010913744	0.007130677937	300.000000000000	0.002179356603	0.007130818607	0.000276616654	0.000475960140	1210.301914506430	-0.000086531706	-0.000196168139	-0.000000027583	-0.000000112316	-0.000019797177	0.000058646108	0.000000103926	-0.000000288498
219332400.000000000000	96.044997000000	11.500800000000	0.001162534136	-0.000135649714	-0.000213198652	0.000010795729	0.007193048331	300.000000000000	0.002180583611	0.007166840700	0.000279472355	0.000477076662	1215.001132698075	-0.000086093506	-0.000195354446	0.000000235413	-0.000000132182	-0.000019774366	0.000058002046	0.000000278440	-0.000000342956
219332736.000000000000	96.044997000000	11.550300000000	0.001126117377	-0.000133683480	-0.000214364085	0.000010988480	0.007259712406	300.000000000000	0.002179190164	0.007242015905	0.000279150384	0.000475584950	1219.642225543264	-0.000086694557	-0.000196373753	-0.000000033620	-0.000000265854	-0.000020423181	0.000058558154	-0.000000129172	0.000000261553
219333039.000000000000	96.044997000000	11.600800000000	0.000941999514	-0.000106853359	-0.000213709962	0.000010916167	0.007352343855	300.000000000000	0.002180870042	0.007329732455	0.000277187688	0.000474768579	1224.375185682933	-0.000086393847	-0.000195793780	0.000000229815	0.000000157615	-0.000020303386	0.000058724524	-0.000000224713	-0.000000288087
219333378.000000000000	96.044997000000	11.651000000000	0.000790409735	-0.000092811876	-0.000213408109	0.000011301753	0.007391837982	300.000000000000	0.002180943585	0.007375884584	0.000276025929	0.000474431706	1229.078135161606	-0.000086653911	-0.000195370731	0.000000058739	0.000000118952	-0.000019901510	0.000058714807	0.000000083096	-0.000000147579
219333728.000000000000	96.044997000000	11.700700000000	0.000704814531	-0.000082775540	-0.000212068345	0.000011135100	0.007485624296	300.000000000000	0.002180080422	0.007477994067	0.000277363841	0.000473910698	1233.732382228582	-0.000086017076	-0.000194169585	0.000000155728	-0.000000024695	-0.000019368677	0.000057956469	-0.000000066071	-0.000000133428
219334128.000000000000	96.044997000000	11.750400000000	0.000659586936	-0.000087792374	-0.000212884444	0.000011056774	0.007565841773	300.000000000000	0.002178408284	0.007543812429	0.000278311129	0.000473019289	1238.384778340584	-0.000086238258	-0.000194969248	-0.000000312851	0.000000062345	-0.000019532561	0.000058281518	0.000000290666	0.000000063120
219334445.000000000000	96.044997000000	11.800900000000	0.000622111949	-0.000078105537	-0.000212339828	0.000011261218	0.007618993498	300.000000000000	0.002177986379	0.007598563121	0.000278641083	0.000473029933	1243.110166252518	-0.000086228746	-0.000194385103	0.000000265228	0.000000333789	-0.000019376555	0.000057902695	0.000000343799	0.000000085258
219334796.000000000000	96.044997000000	11.850500000000	0.000656645545	-0.000081258115	-0.000211950734	0.000010410522	0.007680862676	300.000000000000	0.002179077914	0.007670734657	0.000277795974	0.000472268377	1247.749479135842	-0.000085295606	-0.000194323250	-0.000000028898	-0.000000074995	-0.000019265958	0.000057642251	-0.000000079751	-0.000000113164
219335130.000000000000	96.044997000000	11.900900000000	0.000755094606	-0.000092387231	-0.000213211049	0.000010799944	0.007744111072	300.000000000000	0.002178981146	0.007737203682	0.000277757125	0.000472737231	1252.461731362444	-0.000086111437	-0.000195366059	0.000000157134	0.000000070952	-0.000019189430	0.000057793538	0.000000293576	-0.000000066261
219335489.000000000000	96.044997000000	11.951000000000	0.000815438285	-0.000099790223	-0.000213409053	0.000011076346	0.007814615052	300.000000000000	0.002179445629	0.007800649789	0.000279163156	0.000474322076	1257.144048066497	-0.000086440170	-0.000195451408	0.000000261314	0.000000285146	-0.000019502069	0.000057576033	0.000000135712	-0.000000037696
219335845.000000000000	96.044997000000	12.000400000000	0.000733870303	-0.000081314215	-0.000213751682	0.000011175555	0.007935477372	300.000000000000	0.002180366853	0.007910279806	0.000279405300	0.000474509937	1261.759101670714	-0.000086651959	-0.000195738735	-0.000000127116	0.000000115024	-0.000019038285	0.000057285357	0.000000047932	-0.000000032978
219336161.000000000000	96.044997000000	12.051100000000	0.000605028903	-0.000074509965	-0.000214437620	0.000010747709	0.008006166687	300.000000000000	0.002179674000	0.007998173645	0.000280341412	0.000473125194	1266.493702718150	-0.000086494819	-0.000196527503	0.000000310135	0.000000188780	-0.000019215421	0.000057154903	0.000000089788	-0.000000094274
219336500.000000000000	96.044997000000	12.100600000000	0.000523713796	-0.000060717745	-0.000214419063	0.000011133292	0.008075293017	300.000000000000	0.002181307430	0.008048307999	0.000282359455	0.000473057606	1271.114384045821	-0.000086853636	-0.000196371619	0.000000228972	-0.000000125021	-0.000019013970	0.000056966499	-0.000000207200	0.000000238122
219336832.000000000000	96.044997000000	12.150900000000	0.000487849701	-0.000054097163	-0.000214372290	0.000011096647	0.008150410833	300.000000000000	0.002176759371	0.008120648566	0.000284640397	0.000472389715	1275.807862435944	-0.000086799627	-0.000196340163	-0.000000026568	-0.000000136815	-0.000018818483	0.000056371450	0.000000059050	0.000000138470
219337158.000000000000	96.044997000000	12.200800000000	0.000483600782	-0.000056209865	-0.000214305895	0.000011613176	0.008205581272	300.000000000000	0.002180072681	0.008190966530	0.000284731401	0.000471325346	1280.462143839750	-0.000087258837	-0.000196096445	-0.000000122089	0.000000073929	-0.000018624108	0.000055868041	0.000000245162	0.000000236367
219337505.000000000000	96.044997000000	12.250100000000	0.000490958179	-0.000057378063	-0.000214290750	0.000011080430	0.008273176331	300.000000000000	0.002179012112	0.008239018950	0.000284625496	0.000471867642	1285.058629865060	-0.000086763390	-0.000196268953	0.000000476358	-0.000000004141	-0.000018407382	0.000055390293	0.000000126248	-0.000000242153
219337805.000000000000	96.044997000000	12.300900000000	0.000504438379	-0.000058983620	-0.000215529805	0.000010765635	0.008330113326	300.000000000000	0.002181415809	0.008311700350	0.000287038420	0.000473442376	1289.793063500907	-0.000086902478	-0.000197547565	-0.000000549593	-0.000000074701	-0.000018174987	0.000055339352	-0.000000327724	-0.000000030298
219338160.000000000000	96.044997000000	12.350600000000	0.000512240863	-0.000056756058	-0.000216664001	0.000011100964	0.008371431146	300.000000000000	0.002177963155	0.008343251192	0.000288529068	0.000475224129	1294.423108808873	-0.000087622871	-0.000198479431	0.000000086409	0.000000025015	-0.000018233711	0.000054766383	0.000000244232	0.000000311085
219338507.000000000000	96.044997000000	12.400800000000	0.000517381334	-0.000060895958	-0.000215820517	0.000010931072	0.008443575583	300.000000000000	0.002180316534	0.008421525034	0.000288390168	0.000474425852	1299.097855487416	-0.000087163604	-0.000197752291	-0.000000138135	-0.000000306625	-0.000017995029	0.000054583908	0.000000004193	0.000000224813
219338832.000000000000	96.044997000000	12.450700000000	0.000520044366	-0.000057549586	-0.000216788495	0.000011241150	0.008520087627	300.000000000000	0.002179755284	0.008497781819	0.000289026129	0.000474187434	1303.742794402739	-0.000087799773	-0.000198551967	0.000000144705	0.000000145401	-0.000018041529	0.000054296997	0.000000091286	-0.000000079033
219339182.000000000000	96.044997000000	12.500700000000	0.000527050821	-0.000058688742	-0.000217827739	0.000010641478	0.008578178754	300.000000000000	0.002180997775	0.008556824032	0.000290673239	0.000474570074	1308.395170824793	-0.000087610478	-0.000199733810	0.000000185038	0.000000086114	-0.000018235485	0.000053846338	0.000000030258	-0.000000098921
219339555.000000000000	96.044997000000	12.550600000000	0.000545955404	-0.000065323645	-0.000217876253	0.000010922892	0.008654432842	300.000000000000	0.002179968172	0.008629565946	0.000293485833	0.000476456668	1313.036375295129	-0.000087887794	-0.000199680800	-0.000000214480	-0.000000108814	-0.000018102879	0.000053532183	0.000000390165	0.000000085441
219339895.000000000000	96.044997000000	12.600700000000	0.000571538968	-0.000062158567	-0.000218333623	0.000011110949	0.008687323577	300.000000000000	0.002178938569	0.008657416601	0.000294280917	0.000475253399	1317.694305277420	-0.000088230109	-0.000200036509	0.000000297670	-0.000000136024	-0.000017654356	0.000053253577	-0.000000026928	-0.000000212113
219340236.000000000000	96.044997000000	12.650600000000	0.000620933527	-0.000071276425	-0.000218770311	0.000011080392	0.008702934952	300.000000000000	0.002178756646	0.008697189610	0.000296359097	0.000475175168	1322.331771760606	-0.000088357607	-0.000200455454	0.000000168814	0.000000043066	-0.000017832904	0.000052908772	0.000000101890	0.000000196540
219340580.000000000000	96.044997000000	12.700900000000	0.000654435084	-0.000075554521	-0.000220677206	0.000011246810	0.008690497774	300.000000000000	0.002179143715	0.008665647540	0.000298590014	0.000475162395	1327.004524658994	-0.000089188544	-0.000202179007	-0.000000066340	0.000000056223	-0.000017677686	0.000052786842	0.000000157253	0.000000453080
219340979.000000000000	96.044997000000	12.750500000000	0.000654440144	-0.000074295363	-0.000220323630	0.000011120518	0.008717183783	300.000000000000	0.002179933336	0.008702801886	0.000299484615	0.000475411990	1331.610393418530	-0.000088942724	-0.000201892813	-0.000000089558	-0.000000227710	-0.000017119210	0.000052280854	-0.000000034770	0.000000285682
219341297.000000000000	96.044997000000	12.800400000000	0.000653251161	-0.000072916223	-0.000219881529	0.000011467491	0.008751467373	300.000000000000	0.002178942439	0.008730141024	0.000299347312	0.000475508847	1336.242260793166	-0.000089115402	-0.000201353050	0.000000121526	0.000000286027	-0.000017240368	0.000051653447	0.000000010796	-0.000000299067
219341773.000000000000	96.044997000000	12.851300000000	0.000693243931	-0.000078373700	-0.000219550344	0.000011537315	0.008768355612	300.000000000000	0.002179368215	0.008754970558	0.000299949745	0.000473818630	1340.965029713261	-0.000089059109	-0.000201019704	0.000000285025	0.000000326353	-0.000017296457	0.000051007396	-0.000000026863	0.000000072839
219342117.000000000000	96.044997000000	12.900400000000	0.000740424228	-0.000082453197	-0.000220512934	0.000011153816	0.008777276553	300.000000000000	0.002179828827	0.008769442660	0.000301718193	0.000474290677	1345.518946463548	-0.000089040383	-0.000202052422	-0.000000133137	0.000000175019	-0.000017124377	0.000050330495	-0.000000157065	-0.000000176438
219342452.000000000000	96.044997000000	12.951100000000	0.000797586966	-0.000090561945	-0.000221476015	0.000011340350	0.008795102057	300.000000000000	0.002179987525	0.008785608495	0.000304386565	0.000475695112	1350.219364897006	-0.000089559279	-0.000202889962	0.000000184602	-0.000000076592	-0.000017050755	0.000050444311	0.000000153171	-0.000000050338
219342900.000000000000	96.044997000000	13.000700000000	0.000902938718	-0.000104511964	-0.000221930316	0.000011083752	0.008795054169	300.000000000000	0.002180897137	0.008757608820	0.000306245485	0.000476646924	1354.815938960894	-0.000089483553	-0.000203405002	-0.000000051905	0.000000052760	-0.000016766112	0.000049655606	0.000000108572	-0.000000019561
219343376.000000000000	96.044997000000	13.050300000000	0.001082853544	-0.000137064836	-0.000222970469	0.000011430847	0.008758686609	300.000000000000	0.002179368215	0.008753124533	0.000307423742	0.000477484316	1359.410670613974	-0.000090177842	-0.000204254043	0.000000504371	-0.000000201375	-0.000017208313	0.000049357065	-0.000000118206	0.000000050379
219343785.000000000000	96.044997000000	13.101000000000	0.001478286610	-0.000177101145	-0.000222609931	0.000011211736	0.008720374212	300.000000000000	0.002179550138	0.008707072837	0.000309157598	0.000477278360	1364.105397470867	-0.000089852923	-0.000203996941	0.000000215686	0.000000066159	-0.000017299581	0.000048446637	-0.000000146389	-0.000000285429
219344214.000000000000	96.044997000000	13.150400000000	0.001956976042	-0.000240309127	-0.000223627892	0.000010981618	0.008709460741	300.000000000000	0.002178752776	0.008689350935	0.000311021308	0.000476179400	1368.677895217908	-0.000089997712	-0.000205029934	0.000000186527	-0.000000203709	-0.000017650886	0.000047681152	0.000000165644	0.000000316305
219344642.000000000000	96.044997000000	13.200800000000	0.002355434080	-0.000299549475	-0.000223726256	0.000011170226	0.008702629131	300.000000000000	0.002179155327	0.008681470715	0.000312123994	0.000476824939	1373.341070401240	-0.000090206025	-0.000205056192	0.000000464244	0.000000026639	-0.000017578406	0.000047084408	-0.000000058859	-0.000000422192
219344986.000000000000	96.044997000000	13.250400000000	0.002423850015	-0.000313298014	-0.000225341294	0.000011628446	0.008703246068	300.000000000000	0.002180459749	0.008680460056	0.000313935017	0.000479519921	1377.928369932584	-0.000091205561	-0.000206401715	0.000000188284	0.000000245477	-0.000017940451	0.000047083535	0.000000155481	-0.000000210305
219345517.000000000000	96.044997000000	13.300800000000	0.002092883707	-0.000268302985	-0.000224726774	0.000011502300	0.008716252935	300.000000000000	0.002181466128	0.008674076080	0.000316266517	0.000481493260	1382.587771289327	-0.000090868606	-0.000205874912	0.000000016500	0.000000055203	-0.000017515693	0.000047115142	-0.000000113500	0.000000067330
219345978.000000000000	96.044997000000	13.350100000000	0.001613869538	-0.000204267294	-0.000224897746	0.000011231423	0.008767731148	300.000000000000	0.002181013258	0.008751651923	0.000317046699	0.000479760468	1387.143639277097	-0.000090682360	-0.000206125282	0.000000011243	0.000000060156	-0.000017081768	0.000047422329	0.000000111989	-0.000000058983
219346315.000000000000	96.044997000000	13.401400000000	0.001145477737	-0.000143256776	-0.000223655654	0.000011418125	0.008766975459	300.000000000000	0.002181206792	0.008751315910	0.000315412361	0.000476952131	1391.882397555861	-0.000090407967	-0.000204894489	0.000000099625	-0.000000274085	-0.000016533429	0.000046730937	0.000000041505	-0.000000177041
219346630.000000000000	96.044997000000	13.451000000000	0.000800927536	-0.000091308481	-0.000224726643	0.000011476037	0.008734416870	300.000000000000	0.002180742310	0.008730093727	0.000315301667	0.000476127778	1396.462247548654	-0.000090843729	-0.000205880034	-0.000000017112	-0.000000037857	-0.000016027835	0.000046844457	0.000000112074	0.000000290462
219347020.000000000000	96.044997000000	13.500200000000	0.000675995313	-0.000076394160	-0.000224684518	0.000011459355	0.008687763406	300.000000000000	0.002181322913	0.008683927101	0.000318074347	0.000475350789	1401.003343717266	-0.000090816749	-0.000205848098	-0.000000080357	-0.000000027117	-0.000015839597	0.000046814420	0.000000137534	-0.000000140458
219347435.000000000000	96.044997000000	13.551200000000	0.000611190855	-0.000073321376	-0.000225293630	0.000011336199	0.008700897262	300.000000000000	0.002180920361	0.008680340883	0.000318726273	0.000476371518	1405.708664787444	-0.000090912387	-0.000206460325	0.000000022424	0.000000212231	-0.000015829638	0.000046430895	0.000000118134	0.000000071609
219347794.000000000000	96.044997000000	13.600800000000	0.000560537990	-0.000052663591	-0.000226333180	0.000011161052	0.008717634476	300.000000000000	0.002180188801	0.008691685474	0.000320568163	0.000475950560	1410.282952580959	-0.000091122375	-0.000207495902	0.000000037363	0.000000138618	-0.000015521766	0.000046347619	-0.000000245715	-0.000000021698
219348283.000000000000	96.044997000000	13.650100000000	0.000546188240	-0.000062778121	-0.000224692695	0.000011429002	0.008705525133	300.000000000000	0.002178830189	0.008693360978	0.000323151386	0.000475291716	1414.827748457523	-0.000090792773	-0.000205868725	0.000000187997	-0.000000094241	-0.000015372939	0.000045665697	0.000000076932	0.000000116353
219348679.000000000000	96.044997000000	13.700900000000	0.000536258918	-0.000061604024	-0.000225764782	0.000010604700	0.008706941279	300.000000000000	0.002178296034	0.008705593109	0.000323050803	0.000475698837	1419.508921022030	-0.000090404324	-0.000207162178	-0.000000051990	-0.000000147972	-0.000015214446	0.000045536335	0.000000108278	0.000000041068
219349056.000000000000	96.044997000000	13.750500000000	0.000535735251	-0.000057201061	-0.000226537062	0.000011775564	0.008712370242	300.000000000000	0.002177854776	0.008689556458	0.000323758608	0.000476025598	1424.077651074414	-0.000091774271	-0.000207467535	-0.000000099814	0.000000012648	-0.000015080282	0.000045377941	-0.000000149564	-0.000000258907
219349480.000000000000	96.044997000000	13.800800000000	0.000568658764	-0.000066666302	-0.000227323215	0.000011275461	0.008721612802	300.000000000000	0.002179689482	0.008690445254	0.000325516945	0.000476789283	1428.708978739429	-0.000091585827	-0.000208377512	-0.000000038212	0.000000103081	-0.000015009364	0.000044970291	0.000000247505	0.000000299784
219349953.000000000000	96.044997000000	13.850300000000	0.000608712205	-0.000069480514	-0.000227852071	0.000011582780	0.008685093173	300.000000000000	0.002177374811	0.008678008889	0.000327325840	0.000478355501	1433.264798533650	-0.000092060131	-0.000208760721	0.000000052929	0.000000151562	-0.000014871860	0.000043710093	0.000000366910	0.000000000588
219350279.000000000000	96.044997000000	13.901100000000	0.000668054497	-0.000075018537	-0.000228147757	0.000011368428	0.008650576896	300.000000000000	0.002178036698	0.008638890742	0.000328861724	0.000477501878	1437.938359577138	-0.000091968937	-0.000209114376	-0.000000014052	-0.000000067778	-0.000014797520	0.000043406069	-0.000000167086	-0.000000037994
219350583.000000000000	96.044997000000	13.950700000000	0.000782815541	-0.000092006819	-0.000228703358	0.000011660683	0.008615394569	300.000000000000	0.002176561966	0.008602252980	0.000330562053	0.000478213940	1442.499658270997	-0.000092439389	-0.000209528523	-0.000000081124	-0.000000113543	-0.000014719892	0.000043430103	0.000000083274	-0.000000153579
219350962.000000000000	96.044997000000	14.000700000000	0.000993793255	-0.000120183619	-0.000229256205	0.000011548456	0.008545069547	300.000000000000	0.002174320837	0.008528401787	0.000333317171	0.000478269288	1447.095878396853	-0.000092529628	-0.000210086461	0.000000319697	-0.000000182272	-0.000014444609	0.000042536835	0.000000181642	0.000000191864
219351306.000000000000	96.044997000000	14.050800000000	0.001383312840	-0.000174324936	-0.000229570791	0.000011391970	0.008501826967	300.000000000000	0.002175683320	0.008481022513	0.000334058504	0.000480466677	1451.699414725957	-0.000092493587	-0.000210435241	0.000000056310	0.000000212699	-0.000015110740	0.000041673972	0.000000111029	-0.000000007563
219351607.000000000000	96.044997000000	14.100400000000	0.001820738584	-0.000241260172	-0.000230335259	0.000011375614	0.008469325027	300.000000000000	0.002177030319	0.008435672685	0.000335253790	0.000478772734	1456.255157586136	-0.000092750554	-0.000211155652	0.000000123097	0.000000350325	-0.000014962248	0.000040878860	0.000000027661	0.000000096996
219351915.000000000000	96.044997000000	14.151200000000	0.002176091030	-0.000290589995	-0.000231322126	0.000011240363	0.008428783144	300.000000000000	0.002178617302	0.008394001002	0.000336421935	0.000479643920	1460.919212080062	-0.000092983155	-0.000212120809	0.000000141910	-0.000000328600	-0.000015516123	0.000040467556	-0.000000019074	0.000000074860
219352252.000000000000	96.044997000000	14.201000000000	0.002226310859	-0.000289913138	-0.000231173797	0.000011201812	0.008376464747	300.000000000000	0.002180030103	0.008373549136	0.000337498012	0.000479365587	1465.489580459929	-0.000092891826	-0.000212004218	0.000000334067	-0.000000105626	-0.000015513334	0.000040689534	0.000000308715	0.000000217060
219352560.000000000000	96.044997000000	14.250100000000	0.002070075800	-0.000266578530	-0.000231657161	0.000011020561	0.008306708733	300.000000000000	0.002179306284	0.008295474014	0.000339330322	0.000480403879	1469.993890360733	-0.000092888829	-0.000212520385	0.000000033464	0.000000181857	-0.000015363736	0.000040470615	0.000000393416	-0.000000068957
219352890.000000000000	96.044997000000	14.300900000000	0.001782785889	-0.000229917367	-0.000231210263	0.000011361999	0.008229630507	300.000000000000	0.002176318113	0.008208711189	0.000340386176	0.000480470402	1474.652255827963	-0.000093057655	-0.000211977146	0.000000046750	-0.000000217754	-0.000014671174	0.000039923696	-0.000000131190	-0.000000147048
219353215.000000000000	96.044997000000	14.350700000000	0.001419812257	-0.000183788238	-0.000229986284	0.000011556646	0.008151685164	300.000000000000	0.002179437888	0.008131503118	0.000339866764	0.000479246910	1479.217047483171	-0.000092794679	-0.000210764813	0.000000167508	0.000000005757	-0.000014327207	0.000039949710	-0.000000229452	0.000000027494
219353582.000000000000	96.044997000000	14.400900000000	0.001139843446	-0.000140773212	-0.000231411705	0.000011768192	0.008088849311	300.000000000000	0.002180165577	0.008064856689	0.000339367043	0.000476679121	1483.816626750884	-0.000093498782	-0.000212023907	0.000000091965	-0.000000186372	-0.000014160416	0.000040001587	-0.000000101821	-0.000000055633
219353902.000000000000	96.044997000000	14.451100000000	0.000946553733	-0.000114648200	-0.000232286258	0.000011518202	0.008010990795	300.000000000000	0.002177788974	0.007998833064	0.000340871528	0.000475958543	1488.414321238533	-0.000093581425	-0.000212931264	0.000000176267	0.000000393970	-0.000013761703	0.000039396873	-0.000000451749	-0.000000279409
219354255.000000000000	96.044997000000	14.500400000000	0.000882324539	-0.000101266294	-0.000231193801	0.000011516645	0.007986098273	300.000000000000	0.002174611139	0.007975486866	0.000342414863	0.000477852587	1492.927752652280	-0.000093191892	-0.000211908969	-0.000000074005	-0.000000202523	-0.000013850403	0.000039030246	0.000000164719	-0.000000089635
219354574.000000000000	96.044997000000	14.551100000000	0.000925065514	-0.000110689219	-0.000230799645	0.000011194270	0.007972974361	300.000000000000	0.002179012112	0.007938681368	0.000342378142	0.000476474230	1497.567458789252	-0.000092750129	-0.000211647333	0.000000214756	-0.000000156314	-0.000013613935	0.000038575798	-0.000000074898	0.000000040303
219354956.000000000000	96.044997000000	14.600100000000	0.001110098195	-0.000135124433	-0.000232454557	0.000011511476	0.007908297418	300.000000000000	0.002178717940	0.007904997357	0.000345101862	0.000475336952	1502.049766355014	-0.000093635073	-0.000213085820	0.000000130590	-0.000000025879	-0.000013494894	0.000037715373	0.000000130474	0.000000064047
219355324.000000000000	96.044997000000	14.651200000000	0.001578929489	-0.000204804622	-0.000233986582	0.000011229754	0.007838503630	300.000000000000	0.002180068810	0.007810898650	0.000347285946	0.000477263991	1506.722260440607	-0.000093918830	-0.000214618151	0.000000083943	-0.000000034066	-0.000013627016	0.000036771009	0.000000022074	0.000000093725
219355711.000000000000	96.044997000000	14.700700000000	0.002248879614	-0.000300869338	-0.000236170991	0.000011337081	0.007813249555	300.000000000000	0.002179453370	0.007804594370	0.000349823933	0.000478472582	1511.246591707260	-0.000094802455	-0.000216618756	-0.000000096356	-0.000000060498	-0.000013844179	0.000035118801	0.000000063678	-0.000000185176
219355994.000000000000	96.044997000000	14.750200000000	0.003098355074	-0.000421071467	-0.000238211684	0.000012383849	0.007791996577	300.000000000000	0.002180165577	0.007781322843	0.000355111717	0.000480968527	1515.769091064301	-0.000096507613	-0.000218155665	-0.000000190136	0.000000009789	-0.000014166077	0.000033517141	-0.000000195371	0.000000216116
219356338.000000000000	96.044997000000	14.800600000000	0.003279386549	-0.000443298984	-0.000238539324	0.000011856592	0.007717946022	300.000000000000	0.002178745034	0.007701355991	0.000359256901	0.000483763559	1520.371935629149	-0.000096133498	-0.000218648313	0.000000258242	-0.000000230517	-0.000014079943	0.000033120033	0.000000155985	-0.000000187156
219356667.000000000000	96.044997000000	14.850800000000	0.002641554157	-0.000351751616	-0.000237352220	0.000011826686	0.007662681277	300.000000000000	0.002179743672	0.007632510596	0.000359682116	0.000482453321	1524.954627340605	-0.000095681273	-0.000217549971	-0.000000241195	-0.000000344539	-0.000014204638	0.000034575211	0.000000069757	-0.000000174425
219357006.000000000000	96.044997000000	14.901100000000	0.001849189969	-0.000242281265	-0.000235523070	0.000011658126	0.007618722576	300.000000000000	0.002179735931	0.007606170163	0.000356781179	0.000481077092	1529.544558567904	-0.000094864591	-0.000215902538	-0.000000096427	-0.000000242833	-0.000013515382	0.000035792147	-0.000000035464	-0.000000043189
219357348.000000000000	96.044997000000	14.950500000000	0.001351232580	-0.000176050572	-0.000235027746	0.000011733863	0.007594269431	300.000000000000	0.002179426276	0.007577145083	0.000355462959	0.000479207529	1534.050523135707	-0.000094764425	-0.000215412543	-0.000000080633	-0.000000276116	-0.000013160947	0.000036074389	-0.000000141356	-0.000000078875
219357665.000000000000	96.044997000000	15.001000000000	0.001005560460	-0.000129705114	-0.000236106053	0.000011918090	0.007540389662	300.000000000000	0.002180316534	0.007530804664	0.000354904697	0.000479287356	1538.654937660081	-0.000095315796	-0.000216355642	0.000000009904	-0.000000000740	-0.000012635909	0.000035845771	-0.000000262114	0.000000078136
219358019.000000000000	96.044997000000	15.050700000000	0.000769150822	-0.000091833982	-0.000234631472	0.000011797792	0.007504120393	300.000000000000	0.002175965880	0.007495906168	0.000355840810	0.000478156465	1543.184550098307	-0.000094679023	-0.000215017702	-0.000000218769	-0.000000144638	-0.000012529813	0.000035767335	-0.000000026472	-0.000000142583
219358322.000000000000	96.044997000000	15.101000000000	0.000685781636	-0.000084343031	-0.000234729922	0.000011995303	0.007481703054	300.000000000000	0.002179143715	0.007464977061	0.000355062224	0.000477080920	1547.766966544856	-0.000094896899	-0.000215041200	0.000000298072	-0.000000402577	-0.000012071276	0.000035727473	0.000000191288	-0.000000144785
219358654.000000000000	96.044997000000	15.150600000000	0.000644685457	-0.000082304003	-0.000235976559	0.000011335555	0.007464109591	300.000000000000	0.002179437888	0.007424846208	0.000355138858	0.000476150662	1552.283760484419	-0.000094730106	-0.000216443220	-0.000000108073	0.000000091639	-0.000012280848	0.000035767227	0.000000011910	0.000000046835
219358992.000000000000	96.044997000000	15.201000000000	0.000658487644	-0.000082819260	-0.000235252793	0.000011443499	0.007414855204	300.000000000000	0.002178721810	0.007417781358	0.000354962173	0.000478240550	1556.871523025906	-0.000094570563	-0.000215725878	0.000000065408	0.000000052632	-0.000011986045	0.000035329078	0.000000054313	-0.000000052519
219359300.000000000000	96.044997000000	15.250300000000	0.000694508395	-0.000084004869	-0.000236302384	0.000011482715	0.007383704055	300.000000000000	0.002177761879	0.007372930649	0.000356259106	0.000477764245	1561.357319667750	-0.000094978109	-0.000216690339	0.000000052042	-0.000000059141	-0.000012064344	0.000035122478	0.000000232827	0.000000086218
219359637.000000000000	96.044997000000	15.300700000000	0.000716054448	-0.000084641258	-0.000236528122	0.000011098023	0.007373576938	300.000000000000	0.002178148948	0.007352855341	0.000358646485	0.000478574229	1565.941328083678	-0.000094697201	-0.000217045674	0.000000062501	0.000000105027	-0.000011834144	0.000034705565	0.000000145710	0.000000177971
219359965.000000000000	96.044997000000	15.350700000000	0.000685759757	-0.000085084830	-0.000236171576	0.000011117720	0.007334393019	300.000000000000	0.002177994121	0.007299212366	0.000359380368	0.000478290043	1570.487080445479	-0.000094589615	-0.000216705134	-0.000000089751	0.000000132522	-0.000011822858	0.000034819732	0.000000378488	0.000000107891
219360323.000000000000	96.044997000000	15.400900000000	0.000617855900	-0.000078938667	-0.000236177425	0.000011498864	0.007303804766	300.000000000000	0.002178876638	0.007282585872	0.000359798132	0.000478122937	1575.049137171291	-0.000094949286	-0.000216569067	0.000000010904	0.000000164162	-0.000011632201	0.000034654442	-0.000000043836	-0.000000007404
219360654.000000000000	96.044997000000	15.450500000000	0.000565386441	-0.000059992517	-0.000236008337	0.000011134023	0.007268763349	300.000000000000	0.002179782379	0.007255697400	0.000359169623	0.000477799901	1579.554818679251	-0.000094550341	-0.000216543704	-0.000000042056	0.000000162339	-0.000011888560	0.000034326576	-0.000000046641	0.000000162211
219360983.000000000000	96.044997000000	15.500700000000	0.000533612272	-0.000056735048	-0.000235876852	0.000011556905	0.007218993802	300.000000000000	0.002180393948	0.007213199342	0.000359342050	0.000476267210	1584.113133534418	-0.000094894716	-0.000216267926	0.000000158156	0.000000086900	-0.000011576388	0.000033502858	-0.000000136291	0.000000167967
219361328.000000000000	96.044997000000	15.550800000000	0.000517517131	-0.000063774170	-0.000236494900	0.000011370254	0.007182984451	300.000000000000	0.002175485915	0.007159478137	0.000360322334	0.000476329476	1588.660491732246	-0.000094939625	-0.000216911769	0.000000188077	-0.000000095298	-0.000011192249	0.000033548895	0.000000474529	0.000000020010
219361649.000000000000	96.044997000000	15.600800000000	0.000493063413	-0.000055626682	-0.000236867186	0.000011580202	0.007098830941	300.000000000000	0.002180246862	0.007088812828	0.000362329201	0.000475832415	1593.196904641760	-0.000095278121	-0.000217182729	-0.000000087787	0.000000170143	-0.000011106386	0.000033441658	-0.000000299479	-0.000000348152
219361942.000000000000	96.044997000000	15.650300000000	0.000474070270	-0.000058232997	-0.000236705086	0.000011501157	0.007029267615	300.000000000000	0.002180417172	0.007016912292	0.000363507990	0.000476298077	1597.686114616619	-0.000095140902	-0.000217060876	-0.000000035643	0.000000082594	-0.000010778980	0.000032941746	-0.000000080667	-0.000000049480
219362264.000000000000	96.044997000000	15.700900000000	0.000466000574	-0.000054216968	-0.000236582729	0.000011823623	0.006981107482	300.000000000000	0.002177250949	0.006961341860	0.000362339845	0.000475566855	1602.273193959709	-0.000095399422	-0.000216832586	0.000000117305	0.000000114822	-0.000010747951	0.000033062636	-0.000000143824	0.000000001118
219362640.000000000000	96.044997000000	15.750600000000	0.000468557806	-0.000052128244	-0.000236906379	0.000011405661	0.006944998237	300.000000000000	0.002179654646	0.006917657937	0.000362844888	0.000474974002	1606.776824150616	-0.000095130019	-0.000217282859	-0.000000104878	-0.000000017350	-0.000010784679	0.000032806594	-0.000000116384	0.000000159000
219362982.000000000000	96.044997000000	15.800700000000	0.000482140840	-0.000055946066	-0.000236279929	0.000011334702	0.006891951213	300.000000000000	0.002181369361	0.006875307141	0.000363083839	0.000474806896	1611.314834602863	-0.000094837344	-0.000216725264	0.000000232129	-0.000000057134	-0.000010635614	0.000032166045	0.000000151728	0.000000016058
219363285.000000000000	96.044997000000	15.850400000000	0.000497515149	-0.000061530811	-0.000237327978	0.000011459573	0.006872740885	300.000000000000	0.002181442904	0.006854074654	0.000364004518	0.000475666374	1615.814762225544	-0.000095322400	-0.000217658870	0.000000177165	0.000000089470	-0.000010822724	0.000032145506	-0.000000042492	0.000000214477
219363605.000000000000	96.044997000000	15.901100000000	0.000496116665	-0.000054478702	-0.000237178611	0.000011323242	0.006838356127	300.000000000000	0.002180119129	0.006824469424	0.000363467011	0.000475252867	1620.403331997506	-0.000095145350	-0.000217568441	0.000000287390	-0.000000135470	-0.000010765035	0.000031979922	-0.000000164283	-0.000000309820
219363959.000000000000	96.044997000000	15.950900000000	0.000495881894	-0.000057135463	-0.000237641355	0.000011514947	0.006781778643	300.000000000000	0.002181961577	0.006778337530	0.000365008217	0.000475505122	1624.908580232226	-0.000095486224	-0.000217932737	-0.000000043699	-0.000000350598	-0.000010792790	0.000031473203	-0.000000100914	-0.000000183213
219364273.000000000000	96.044997000000	16.000900000000	0.000507246748	-0.000056560558	-0.000239465142	0.000011638710	0.006724235421	300.000000000000	0.002182666042	0.006708885743	0.000368231126	0.000474810622	1629.430059913660	-0.000096252952	-0.000219591507	0.000000446905	-0.000000213346	-0.000010865332	0.000031612956	0.000000161699	0.000000262750
219364625.000000000000	96.044997000000	16.050800000000	0.000561915654	-0.000063478185	-0.000239220377	0.000011258808	0.006656178912	300.000000000000	0.002181644180	0.006643775697	0.000369217263	0.000475898406	1633.940636734604	-0.000095814374	-0.000219498375	0.000000036154	-0.000000103755	-0.000010638137	0.000031674397	0.000000014844	0.000000032233
219365156.000000000000	96.044997000000	16.100400000000	0.000662541747	-0.000079092582	-0.000238918361	0.000011373666	0.006612551477	300.000000000000	0.002180382336	0.006590124471	0.000370207658	0.000476688168	1638.422254698444	-0.000095807515	-0.000219179615	0.000000097965	-0.000000166472	-0.000010407133	0.000030605681	-0.000000078794	0.000000006568
219365588.000000000000	96.044997000000	16.151000000000	0.000875820020	-0.000105675135	-0.000239711813	0.000011445554	0.006590906188	300.000000000000	0.002177688336	0.006575992802	0.000372995240	0.000476859531	1642.992336530859	-0.000096161787	-0.000219887927	0.000000294357	0.000000153595	-0.000010692299	0.000030373698	0.000000292318	0.000000014513
219366008.000000000000	96.044997000000	16.200200000000	0.001198226404	-0.000147821587	-0.000241754805	0.000011463270	0.006554735039	300.000000000000	0.002179987525	0.006541510971	0.000373823319	0.000477565740	1647.434141907986	-0.000096906050	-0.000221800155	0.000000218159	-0.000000096507	-0.000011126750	0.000029959831	-0.000000135906	-0.000000250361
219366356.000000000000	96.044997000000	16.251000000000	0.001614185680	-0.000217056724	-0.000240336270	0.000011420335	0.006543794323	300.000000000000	0.002179728189	0.006523877243	0.000373604591	0.000479024457	1652.018501552779	-0.000096363138	-0.000220483622	0.000000008276	-0.000000361612	-0.000011086786	0.000029047011	-0.000000253107	0.000000140693
219366681.000000000000	96.044997000000	16.300100000000	0.002138059386	-0.000288162560	-0.000242966828	0.000011288078	0.006494177521	300.000000000000	0.002178818577	0.006478799975	0.000375286826	0.000480488496	1656.447618296472	-0.000097173677	-0.000222990092	0.000000264951	-0.000000050366	-0.000011032104	0.000028115341	0.000000053532	-0.000000081273
219367039.000000000000	96.044997000000	16.351200000000	0.002592098458	-0.000351714849	-0.000244693833	0.000011711508	0.006480297213	300.000000000000	0.002178764388	0.006464293710	0.000379297899	0.000482117513	1661.055237777786	-0.000098187829	-0.000224456138	-0.000000025877	0.000000045336	-0.000011664292	0.000027017147	-0.000000020600	-0.000000236068
219367390.000000000000	96.044997000000	16.400600000000	0.003034933688	-0.000414905311	-0.000245580681	0.000011554256	0.006447370839	300.000000000000	0.002180142353	0.006426135394	0.000382781578	0.000482003625	1665.507719315539	-0.000098356848	-0.000225334326	0.000000171303	-0.000000342440	-0.000011709049	0.000026735907	-0.000000039646	-0.000000027107
219367797.000000000000	96.044997000000	16.451000000000	0.002958138196	-0.000403107419	-0.000244019406	0.000011560157	0.006408521502	300.000000000000	0.002180196543	0.006406112834	0.000383436697	0.000481615131	1670.048456721139	-0.000097806291	-0.000223875866	0.000000086085	0.000000110980	-0.000011556230	0.000026492270	-0.000000117430	-0.000000002617
219368247.000000000000	96.044997000000	16.500500000000	0.002390468951	-0.000319700883	-0.000242875175	0.000011484275	0.006410170805	300.000000000000	0.002180657154	0.006400787561	0.000381835354	0.000482293133	1674.506266003225	-0.000097323055	-0.000222831981	0.000000097824	-0.000000195855	-0.000011434294	0.000028056611	0.000000055119	0.000000070410
219368559.000000000000	96.044997000000	16.551000000000	0.001768897459	-0.000228668685	-0.000241357813	0.000011381633	0.006384088688	300.000000000000	0.002181113896	0.006365539422	0.000379801878	0.000481897721	1679.052249559893	-0.000096685250	-0.000221449295	-0.000000142199	-0.000000188907	-0.000011204686	0.000029452979	-0.000000131733	-0.000000054361
219368892.000000000000	96.044997000000	16.600500000000	0.001263975077	-0.000162469938	-0.000239353176	0.000011525623	0.006381560836	300.000000000000	0.002184237541	0.006362898927	0.000374217135	0.000479426789	1683.506368609371	-0.000096107008	-0.000219525467	-0.000000296169	-0.000000359876	-0.000010826651	0.000029583810	0.000000166420	-0.000000180951
219369227.000000000000	96.044997000000	16.651200000000	0.000975330575	-0.000118577821	-0.000239430537	0.000011625658	0.006371531331	300.000000000000	0.002182623464	0.006354390008	0.000372148535	0.000476886673	1688.066572942429	-0.000096234429	-0.000219560430	0.000000035664	0.000000036282	-0.000010491692	0.000030026064	0.000000002775	-0.000000149754
219369558.000000000000	96.044997000000	16.700600000000	0.000774739409	-0.000095828568	-0.000238721155	0.000011281586	0.006366961959	300.000000000000	0.002182414447	0.006347946094	0.000372034647	0.000475537585	1692.508006161741	-0.000095660833	-0.000219023275	0.000000094356	-0.000000182436	-0.000010218789	0.000030175282	0.000000166158	0.000000088441
219369877.000000000000	96.044997000000	16.750700000000	0.000618473439	-0.000071479438	-0.000238949963	0.000011376330	0.006348838036	300.000000000000	0.002180018491	0.006333215726	0.000371510978	0.000474823394	1697.010517139039	-0.000095831602	-0.000219202487	0.000000049688	-0.000000372478	-0.000010601797	0.000030183448	0.000000258021	0.000000058969
219370266.000000000000	96.044997000000	16.800500000000	0.000531997351	-0.000068712229	-0.000238412004	0.000011661683	0.006340525350	300.000000000000	0.002180846818	0.006322833535	0.000371844657	0.000474149649	1701.484213319616	-0.000095904675	-0.000218593294	-0.000000022650	0.000000224669	-0.000010324539	0.000029865480	0.000000352300	0.000000177355
219370570.000000000000	96.044997000000	16.850800000000	0.000473466361	-0.000052702977	-0.000239289068	0.000011272810	0.006329006578	300.000000000000	0.002180196543	0.006313253932	0.000371307683	0.000473111889	1706.000950297963	-0.000095851588	-0.000219551856	0.000000027176	0.000000051645	-0.000010141055	0.000029828402	0.000000174115	-0.000000081495
219370880.000000000000	96.044997000000	16.900700000000	0.000421328371	-0.000042838217	-0.000239100378	0.000011506074	0.006320560685	300.000000000000	0.002179523043	0.006303175213	0.000370812220	0.000474109203	1710.479906300081	-0.000096004177	-0.000219297812	-0.000000095492	-0.000000213362	-0.000010334321	0.000030294979	0.000000204311	-0.000000259829
219371209.000000000000	96.044997000000	16.951600000000	0.000391563909	-0.000043626867	-0.000237904361	0.000011385100	0.006297613717	300.000000000000	0.002176511647	0.006288845243	0.000369435459	0.000473550941	1715.046709834913	-0.000095462713	-0.000218218473	0.000000149966	-0.000000091731	-0.000010173428	0.000029885517	-0.000000132079	-0.000000005608
219371515.000000000000	96.044997000000	16.999600000000	0.000370421606	-0.000043378397	-0.000237763374	0.000010813464	0.006284674597	300.000000000000	0.002180119129	0.006274703317	0.000369291769	0.000472922431	1719.351554129471	-0.000094880525	-0.000218291059	0.000000038958	0.000000103021	-0.000009851027	0.000030114875	0.000000195548	0.000000099108
219371847.000000000000	96.044997000000	17.051200000000	0.000348236755	-0.000038079270	-0.000237219689	0.000010971351	0.006292313644	300.000000000000	0.002180428784	0.006276493148	0.000369790958	0.000471183785	1723.977347803218	-0.000094829879	-0.000217727553	0.000000081527	-0.000000090745	-0.000009687677	0.000029809176	0.000000067272	0.000000326379
