215760364.000000000000	96.044997000000	7.996600000000	0.000716435175	-0.000086869775	0.000351778773	-0.000184190179	0.002004643590	300.000000000000	0.007603629056	0.001482308190	0.000552598944	0.000689610870	881.784345330207	-0.000147234544	-0.000335644960	0.000000014806	0.000000141748	-0.000009032830	0.000027276440	0.000000262430	-0.000000113341
215760718.000000000000	96.044997000000	8.050900000000	0.000751020167	-0.000092049638	0.000352546824	-0.000184167221	0.002076934527	300.000000000000	0.007599084856	0.002072182747	0.000588847617	0.000690460236	887.017901282105	-0.000146710976	-0.000334548506	-0.000000134190	0.000000170370	-0.000009417475	0.000028429195	-0.000000033299	-0.000000192271
215761038.000000000000	96.044997000000	8.101000000000	0.000779533056	-0.000101672395	0.000351697236	-0.000184665077	0.002165774181	300.000000000000	0.007596499229	0.002156169676	0.000591311630	0.000689218650	891.844695600261	-0.000146360252	-0.000333161484	0.000000120969	-0.000000234350	-0.000010032781	0.000030190454	0.000000141583	0.000000115876
215761380.000000000000	96.044997000000	8.150600000000	0.000785113532	-0.000088078312	0.000352474926	-0.000182902851	0.002243912737	300.000000000000	0.007595883788	0.002237633699	0.000587595387	0.000687789735	896.621468711337	-0.000144641864	-0.000331608793	0.000000057635	-0.000000005218	-0.000010001596	0.000031157965	0.000000222617	0.000000216240
215761726.000000000000	96.044997000000	8.201000000000	0.000790317059	-0.000093918990	0.000351186207	-0.000184569016	0.002319046755	300.000000000000	0.007586652173	0.002311852371	0.000583735986	0.000688690723	901.473401341411	-0.000145469856	-0.000332049746	0.000000336912	-0.000000355559	-0.000010254755	0.000032218203	-0.000000114723	-0.000000159132
215762067.000000000000	96.044997000000	8.250400000000	0.000805147850	-0.000091977526	0.000352918185	-0.000183369033	0.002400699240	300.000000000000	0.007594672260	0.002394727305	0.000581118171	0.000690066952	906.227221249979	-0.000144654414	-0.000330446873	0.000000268973	-0.000000015315	-0.000010872808	0.000033204680	-0.000000231536	-0.000000110969
215762372.000000000000	96.044997000000	8.300800000000	0.000823607704	-0.000100040499	0.000351723503	-0.000184513509	0.002480645075	300.000000000000	0.007594281319	0.002477858520	0.000577846302	0.000690807220	911.075390671853	-0.000144482662	-0.000329490482	-0.000000424971	-0.000000207796	-0.000011033776	0.000034126383	-0.000000001071	0.000000101584
215762693.000000000000	96.044997000000	8.350300000000	0.000803109935	-0.000094791932	0.000351168053	-0.000183467078	0.002549208371	300.000000000000	0.007593174299	0.002548071768	0.000574720783	0.000691650732	915.835135624902	-0.000144200254	-0.000329801847	0.000000091910	-0.000000000525	-0.000011056956	0.000035160930	0.000000035767	-0.000000166933
215763011.000000000000	96.044997000000	8.400900000000	0.000778393505	-0.000094164000	0.000351699109	-0.000183837699	0.002666556814	300.000000000000	0.007587465020	0.002654382718	0.000572496785	0.000689656638	920.698757669072	-0.000143738543	-0.000327595536	-0.000000223484	0.000000103377	-0.000011694555	0.000036222567	0.000000035730	0.000000203944
215763358.000000000000	96.044997000000	8.450800000000	0.000751889841	-0.000091295470	0.000351566612	-0.000182806329	0.002742316721	300.000000000000	0.007595438658	0.002737262395	0.000568080187	0.000687522046	925.493220030095	-0.000143281875	-0.000328006274	0.000000036457	-0.000000067098	-0.000012464714	0.000037079184	0.000000039270	0.000000123045
215763716.000000000000	96.044997000000	8.500800000000	0.000725734087	-0.000087902399	0.000352585472	-0.000183312283	0.002822565394	300.000000000000	0.007595504460	0.002818909744	0.000565760395	0.000688483703	930.295421521150	-0.000143391838	-0.000326366763	0.000000387493	-0.000000109520	-0.000012782146	0.000038283783	-0.000000432888	-0.000000133750
215764026.000000000000	96.044997000000	8.550500000000	0.000700141985	-0.000076495932	0.000353072344	-0.000182865873	0.002890287476	300.000000000000	0.007594370345	0.002885118917	0.000562345368	0.000689133500	935.066955627874	-0.000142095478	-0.000324480266	0.000000114350	0.000000007397	-0.000012710677	0.000038809632	0.000000010080	0.000000119936
215764351.000000000000	96.044997000000	8.600900000000	0.000696650984	-0.000083806016	0.000352310734	-0.000182386094	0.002954989534	300.000000000000	0.007588560427	0.002951301937	0.000557350286	0.000687910541	939.903806508093	-0.000141956625	-0.000322635519	0.000000287945	0.000000004034	-0.000013225902	0.000039916337	-0.000000068868	-0.000000001339
215764675.000000000000	96.044997000000	8.650600000000	0.000689702660	-0.000086946929	0.000352786075	-0.000181515984	0.003032505111	300.000000000000	0.007589605516	0.003028712047	0.000551828873	0.000685631727	944.671617098516	-0.000140702223	-0.000322101428	0.000000322079	0.000000263975	-0.000013457867	0.000041082749	-0.000000389482	0.000000117293
215765009.000000000000	96.044997000000	8.701100000000	0.000687249551	-0.000084775791	0.000353080703	-0.000182014136	0.003118781964	300.000000000000	0.007584229116	0.003111752495	0.000549393065	0.000686203293	949.514279372588	-0.000141815203	-0.000323654101	0.000000109267	0.000000130257	-0.000013692774	0.000042312605	0.000000003811	0.000000274778
215765377.000000000000	96.044997000000	8.750500000000	0.000680680542	-0.000073478183	0.000351041296	-0.000183275651	0.003199327462	300.000000000000	0.007590909941	0.003195481863	0.000549955584	0.000688616217	954.249610862480	-0.000141246049	-0.000323291903	0.000000131979	-0.000000251254	-0.000014002232	0.000043220623	-0.000000315596	0.000000074659
215765700.000000000000	96.044997000000	8.800800000000	0.000671044719	-0.000063917056	0.000351026144	-0.000183717173	0.003271691084	300.000000000000	0.007588347539	0.003265577193	0.000548748058	0.000690666723	959.069336547309	-0.000141374131	-0.000322382222	0.000000453063	-0.000000016193	-0.000014030141	0.000043454734	0.000000026973	0.000000014307
215766038.000000000000	96.044997000000	8.850300000000	0.000677946043	-0.000077266503	0.000351525592	-0.000182786014	0.003325871515	300.000000000000	0.007585835456	0.003323633074	0.000545003077	0.000689385756	963.810557443623	-0.000139993676	-0.000319961298	0.000000168567	-0.000000158436	-0.000014505385	0.000044687659	0.000000170560	0.000000128201
215766353.000000000000	96.044997000000	8.900700000000	0.000697895287	-0.000085334530	0.000352077649	-0.000183214356	0.003381907114	300.000000000000	0.007588343668	0.003371738258	0.000540357639	0.000688903597	968.636097651992	-0.000140316851	-0.000319582017	0.000000063281	0.000000030701	-0.000014812533	0.000045370555	0.000000373085	-0.000000084553
215766672.000000000000	96.044997000000	8.950900000000	0.000711045744	-0.000098657092	0.000351400556	-0.000183707660	0.003421403228	300.000000000000	0.007589717766	0.003414589384	0.000539277305	0.000688646552	973.440598428138	-0.000140414626	-0.000319807243	-0.000000122640	-0.000000276365	-0.000014973154	0.000046911219	-0.000000356300	-0.000000006143
215767043.000000000000	96.044997000000	9.000400000000	0.000717414654	-0.000090340976	0.000351928947	-0.000183549931	0.003471149168	300.000000000000	0.007588463660	0.003462157563	0.000536577534	0.000690041407	978.176256667988	-0.000140432586	-0.000318596408	0.000000019411	0.000000077936	-0.000015804887	0.000047435339	-0.000000167257	0.000000079530
215767358.000000000000	96.044997000000	9.051100000000	0.000719943662	-0.000077153870	0.000351133393	-0.000182894286	0.003536065280	300.000000000000	0.007579259139	0.003530825328	0.000534244438	0.000691501721	983.024816879599	-0.000139927068	-0.000319154670	-0.000000002670	-0.000000091486	-0.000015637372	0.000048363669	-0.000000062452	0.000000048089
215767664.000000000000	96.044997000000	9.100500000000	0.000727431328	-0.000075256000	0.000350967531	-0.000182218315	0.003617360939	300.000000000000	0.007589148773	0.003610923536	0.000531023126	0.000693963073	987.747203708926	-0.000139851769	-0.000319538009	-0.000000008829	-0.000000348154	-0.000015981079	0.000050222420	-0.000000032282	0.000000112479
215768005.000000000000	96.044997000000	9.150800000000	0.000754667995	-0.000100909870	0.000351391335	-0.000181655627	0.003702333388	300.000000000000	0.007590050646	0.003694951609	0.000526070618	0.000693265380	992.553748328408	-0.000138972061	-0.000317012814	-0.000000123319	0.000000221616	-0.000016131265	0.000050311691	0.000000080281	0.000000232835
215768324.000000000000	96.044997000000	9.200800000000	0.000766001652	-0.000096483792	0.000351652885	-0.000182402709	0.003799102164	300.000000000000	0.007589764214	0.003790679057	0.000521760989	0.000691884361	997.329747978998	-0.000139584365	-0.000317269669	-0.000000043174	-0.000000251041	-0.000016611687	0.000050962168	0.000000151286	0.000000161213
215768682.000000000000	96.044997000000	9.250500000000	0.000815137285	-0.000095279453	0.000350860987	-0.000182436493	0.003880075091	300.000000000000	0.007588022400	0.003875893622	0.000519373610	0.000690091964	1002.075236287292	-0.000138259435	-0.000315733536	0.000000236305	-0.000000101311	-0.000016645101	0.000051121787	-0.000000262130	0.000000044610
215769002.000000000000	96.044997000000	9.300800000000	0.000895780637	-0.000101919030	0.000351426543	-0.000182128766	0.003962243960	300.000000000000	0.007587894667	0.003957242668	0.000518009090	0.000688121286	1006.876130729630	-0.000137786037	-0.000314339777	0.000000002585	0.000000119996	-0.000016567437	0.000051949547	-0.000000171092	0.000000204651
215769354.000000000000	96.044997000000	9.350500000000	0.001035361646	-0.000125841227	0.000350886272	-0.000182521879	0.004053480931	300.000000000000	0.007587867572	0.004045421250	0.000515515806	0.000688292117	1011.617896977703	-0.000137427038	-0.000313822244	-0.000000205153	0.000000017167	-0.000017042368	0.000052746788	0.000000061437	-0.000000124002
215769682.000000000000	96.044997000000	9.401200000000	0.001266058747	-0.000148212682	0.000352185545	-0.000181358736	0.004138144876	300.000000000000	0.007583814951	0.004130246722	0.000514234306	0.000687405498	1016.453164826249	-0.000137920681	-0.000313568891	-0.000000025107	-0.000000058083	-0.000017521351	0.000053104083	-0.000000257701	-0.000000165631
215770021.000000000000	96.044997000000	9.450700000000	0.001664720773	-0.000181433473	0.000352469479	-0.000180929800	0.004245092067	300.000000000000	0.007588308832	0.004237137854	0.000511520698	0.000688244752	1021.172131054582	-0.000136474036	-0.000311716092	-0.000000110827	-0.000000045048	-0.000017923887	0.000054170976	-0.000000203795	0.000000086994
215770411.000000000000	96.044997000000	9.500600000000	0.001992460028	-0.000235680171	0.000351882188	-0.000180227821	0.004343808846	300.000000000000	0.007587356640	0.004331963037	0.000509025286	0.000688360236	1025.927372811031	-0.000136553492	-0.000312318808	-0.000000088066	0.000000020666	-0.000018139911	0.000054598567	-0.000000157452	0.000000051284
215770729.000000000000	96.044997000000	9.550800000000	0.002150314840	-0.000259865545	0.000352417445	-0.000181123843	0.004448061065	300.000000000000	0.007587538563	0.004436199555	0.000507313781	0.000688626329	1030.709321275273	-0.000136896669	-0.000311684275	-0.000000021944	0.000000080875	-0.000018446154	0.000055042950	0.000000158888	0.000000038164
215771081.000000000000	96.044997000000	9.600900000000	0.001984030243	-0.000236946756	0.000352006706	-0.000181908592	0.004535622294	300.000000000000	0.007588200452	0.004527392618	0.000507979543	0.000690648097	1035.479861963384	-0.000137118599	-0.000312670163	0.000000163527	-0.000000140057	-0.000018546541	0.000055908443	-0.000000065113	0.000000159324
215771417.000000000000	96.044997000000	9.650700000000	0.001742989314	-0.000205091574	0.000351917481	-0.000181604356	0.004619897454	300.000000000000	0.007590863493	0.004617194202	0.000506850780	0.000691823160	1040.219973230909	-0.000136508436	-0.000311440496	0.000000009177	-0.000000422900	-0.000018876400	0.000056369044	0.000000296525	-0.000000286926
215771722.000000000000	96.044997000000	9.700900000000	0.001576655817	-0.000195455931	0.000352058871	-0.000182444213	0.004698017891	300.000000000000	0.007589032652	0.004679659696	0.000505699133	0.000691072780	1044.996277471411	-0.000137130215	-0.000312327983	0.000000004626	0.000000013485	-0.000018977278	0.000056902795	0.000000054493	-0.000000038421
215772074.000000000000	96.044997000000	9.750200000000	0.001496697162	-0.000183786446	0.000351316976	-0.000182039802	0.004750976977	300.000000000000	0.007581302868	0.004744826150	0.000503869484	0.000692926378	1049.685113439589	-0.000136453160	-0.000312159478	0.000000072591	-0.000000259876	-0.000018902394	0.000056881850	0.000000024424	-0.000000000182
215772501.000000000000	96.044997000000	9.800600000000	0.001480876021	-0.000172744267	0.000352182957	-0.000182240039	0.004833112170	300.000000000000	0.007584921971	0.004825062692	0.000502178734	0.000694762414	1054.476686324680	-0.000136557058	-0.000311276111	-0.000000098255	-0.000000054092	-0.000019160133	0.000057663843	0.000000159805	-0.000000202763
215772927.000000000000	96.044997000000	9.850700000000	0.001468754653	-0.000169775287	0.000352499907	-0.000183037555	0.004893214733	300.000000000000	0.007589497136	0.004893501465	0.000502031851	0.000694438846	1059.237851942971	-0.000136706019	-0.000311290940	0.000000049836	-0.000000100505	-0.000019068760	0.000057974365	0.000000425282	0.000000046226
215773265.000000000000	96.044997000000	9.900800000000	0.001409155504	-0.000163319175	0.000353105761	-0.000182042231	0.004978043096	300.000000000000	0.007588150133	0.004958402130	0.000500626352	0.000694304204	1063.997137144161	-0.000136282247	-0.000310862459	0.000000020412	-0.000000016025	-0.000019288048	0.000058354718	0.000000309621	-0.000000161631
215773656.000000000000	96.044997000000	9.950700000000	0.001368001278	-0.000168121133	0.000351733580	-0.000183303099	0.005096299954	300.000000000000	0.007585641921	0.005049070072	0.000499391685	0.000693282410	1068.735553985718	-0.000136992973	-0.000311144646	-0.000000000517	0.000000047816	-0.000019555271	0.000059019548	-0.000000040933	-0.000000010142
215773990.000000000000	96.044997000000	10.000900000000	0.001329554401	-0.000162799119	0.000353022328	-0.000181873442	0.005112153920	300.000000000000	0.007587201812	0.005097467859	0.000495845208	0.000692218573	1073.500575924456	-0.000135243333	-0.000309648397	-0.000000131859	-0.000000155335	-0.000019372691	0.000058891718	0.000000096976	-0.000000036607
215774310.000000000000	96.044997000000	10.050400000000	0.001311275310	-0.000160446573	0.000352047246	-0.000182872185	0.005175666376	300.000000000000	0.007590464811	0.005164786643	0.000494671209	0.000690783272	1078.197304580077	-0.000135743517	-0.000308880455	-0.000000153571	0.000000128876	-0.000019725071	0.000059545953	0.000000059328	-0.000000195223
215774674.000000000000	96.044997000000	10.101100000000	0.001267902901	-0.000157108766	0.000351573903	-0.000182586410	0.005219205569	300.000000000000	0.007591339589	0.005220430667	0.000492167814	0.000689674200	1083.005990215386	-0.000135413777	-0.000309230487	0.000000247988	-0.000000048692	-0.000019551949	0.000059980715	0.000000127734	0.000000001618
215774993.000000000000	96.044997000000	10.150800000000	0.001196143913	-0.000143216811	0.000352240207	-0.000182531136	0.005279271696	300.000000000000	0.007593774258	0.005259213943	0.000490387125	0.000690000429	1087.717960646707	-0.000134922852	-0.000307232924	0.000000218269	-0.000000135976	-0.000020103616	0.000060066279	0.000000210600	-0.000000253071
215775356.000000000000	96.044997000000	10.201100000000	0.001110522643	-0.000135230137	0.000352027003	-0.000181663074	0.005321918396	300.000000000000	0.007589113937	0.005305636612	0.000488559604	0.000689892395	1092.484931633378	-0.000134343875	-0.000307010832	-0.000000405284	0.000000070312	-0.000020168599	0.000060490024	-0.000000498544	0.000000102202
215775679.000000000000	96.044997000000	10.250300000000	0.001061843059	-0.000137237291	0.000352656933	-0.000182378945	0.005381449984	300.000000000000	0.007587886926	0.005365082347	0.000487981652	0.000689454940	1097.145820738508	-0.000134056958	-0.000307735072	-0.000000121176	-0.000000130483	-0.000020161873	0.000060414373	-0.000000104559	0.000000014274
215776039.000000000000	96.044997000000	10.300700000000	0.001009747620	-0.000127360302	0.000351990079	-0.000182267577	0.005449245146	300.000000000000	0.007589876465	0.005452033955	0.000488672427	0.000687414013	1101.918509406411	-0.000134065058	-0.000306525576	0.000000357810	0.000000149475	-0.000020132003	0.000060846465	-0.000000068440	-0.000000035651
215776370.000000000000	96.044997000000	10.350900000000	0.000980923571	-0.000121486532	0.000351095565	-0.000181487203	0.005539391654	300.000000000000	0.007586203172	0.005537614695	0.000486746452	0.000687171337	1106.670366799537	-0.000133091957	-0.000304355853	-0.000000106949	0.000000060506	-0.000019910256	0.000060756763	0.000000140086	0.000000006356
215776705.000000000000	96.044997000000	10.400900000000	0.000970728078	-0.000120679560	0.000351826466	-0.000181707916	0.005622102067	300.000000000000	0.007586698621	0.005616160635	0.000485047720	0.000687440622	1111.401415458344	-0.000132980592	-0.000305338699	0.000000506048	-0.000000029742	-0.000020281509	0.000061530860	0.000000064552	-0.000000039736
215777017.000000000000	96.044997000000	10.450600000000	0.000975994546	-0.000119670301	0.000352724686	-0.000181773332	0.005728867130	300.000000000000	0.007587782417	0.005706621245	0.000483733224	0.000687280967	1116.102221339783	-0.000133641114	-0.000304789330	0.000000192163	-0.000000032582	-0.000020493473	0.000061125020	0.000000311518	-0.000000002082
215777346.000000000000	96.044997000000	10.501000000000	0.000994567595	-0.000128869668	0.000352186419	-0.000182935779	0.005798224025	300.000000000000	0.007586656044	0.005784219005	0.000483510771	0.000687439558	1120.867345543544	-0.000134055661	-0.000305343954	-0.000000191160	-0.000000092793	-0.000020256439	0.000061839180	-0.000000121335	0.000000039684
215777771.000000000000	96.044997000000	10.550400000000	0.001011178835	-0.000123031816	0.000351710016	-0.000181359521	0.005871694648	300.000000000000	0.007588978463	0.005863495845	0.000482552839	0.000687495437	1125.536076455219	-0.000134339878	-0.000305878315	0.000000096695	0.000000242953	-0.000020336326	0.000062268633	-0.000000020286	-0.000000033679
215778109.000000000000	96.044997000000	10.601000000000	0.001013219469	-0.000132779225	0.000350710779	-0.000183563338	0.005963471510	300.000000000000	0.007589663576	0.005946548511	0.000481033985	0.000686420425	1130.316321973736	-0.000133288742	-0.000303819875	-0.000000216685	0.000000259457	-0.000020158787	0.000061816429	0.000000289483	-0.000000094209
215778448.000000000000	96.044997000000	10.650700000000	0.001020221554	-0.000124378963	0.000352507755	-0.000182978506	0.006077131836	300.000000000000	0.007587763063	0.006049429325	0.000478896733	0.000686729624	1135.009675617137	-0.000134001604	-0.000305228929	0.000000539253	0.000000060687	-0.000020244242	0.000063020743	-0.000000142091	0.000000032440
215778827.000000000000	96.044997000000	10.700800000000	0.001031848413	-0.000127445889	0.000351830386	-0.000183339473	0.006160497228	300.000000000000	0.007587914021	0.006170070348	0.000478875978	0.000687710439	1139.738929321295	-0.000133329647	-0.000303268089	0.000000119783	-0.000000196767	-0.000020677848	0.000062718329	0.000000008010	0.000000033884
215779215.000000000000	96.044997000000	10.750200000000	0.001046677015	-0.000130981855	0.000351738424	-0.000183056579	0.006284357839	300.000000000000	0.007590925424	0.006275228726	0.000478489612	0.000687113329	1144.400263932124	-0.000133627451	-0.000304052781	0.000000038694	-0.000000088563	-0.000020607316	0.000062981929	0.000000036220	0.000000129349
215779571.000000000000	96.044997000000	10.801000000000	0.001046479888	-0.000125359385	0.000351171659	-0.000182225524	0.006431411447	300.000000000000	0.007586160594	0.006422449321	0.000479465106	0.000685036213	1149.191793915288	-0.000133471150	-0.000303994161	0.000000145314	-0.000000126418	-0.000020434101	0.000062782638	-0.000000025807	0.000000304140
215779905.000000000000	96.044997000000	10.850500000000	0.001056780505	-0.000125996567	0.000351825844	-0.000182538195	0.006551029270	300.000000000000	0.007588227547	0.006540826637	0.000480796099	0.000686731220	1153.858845717659	-0.000134061743	-0.000304841326	-0.000000157063	-0.000000185037	-0.000020886707	0.000063091498	-0.000000218294	0.000000066288
215780274.000000000000	96.044997000000	10.900900000000	0.001067488925	-0.000130166134	0.000352010025	-0.000183434493	0.006645952486	300.000000000000	0.007589802921	0.006639054031	0.000479470428	0.000688543308	1158.608866439919	-0.000134573042	-0.000306004747	-0.000000179973	-0.000000178997	-0.000020858690	0.000063376610	0.000000131174	0.000000171075
215780733.000000000000	96.044997000000	10.950700000000	0.001090653607	-0.000136216451	0.000352406988	-0.000182773613	0.006752326847	300.000000000000	0.007587341157	0.006739088448	0.000479261279	0.000690561351	1163.300469581913	-0.000134225192	-0.000305455616	0.000000146065	-0.000000259297	-0.000020385503	0.000063177548	-0.000000023876	-0.000000017507
215781067.000000000000	96.044997000000	11.000800000000	0.001121337190	-0.000142362122	0.000352017358	-0.000183696344	0.006834800952	300.000000000000	0.007589121678	0.006809925054	0.000478990930	0.000690854052	1168.018460040666	-0.000134747557	-0.000305780251	-0.000000098111	0.000000027045	-0.000021029926	0.000063412474	0.000000183037	0.000000032402
215781411.000000000000	96.044997000000	11.050900000000	0.001166599726	-0.000137835128	0.000351970287	-0.000182465607	0.006920713027	300.000000000000	0.007582986622	0.006901879665	0.000478882896	0.000691974567	1172.734569510190	-0.000134732435	-0.000306157816	0.000000326993	0.000000182535	-0.000020486797	0.000063279772	0.000000320938	0.000000078249
215781794.000000000000	96.044997000000	11.100400000000	0.001227880250	-0.000159369457	0.000350860122	-0.000181871694	0.007018589979	300.000000000000	0.007584376202	0.006993670403	0.000479436368	0.000691577823	1177.392351289966	-0.000134380244	-0.000305919353	-0.000000065209	0.000000485270	-0.000021010952	0.000063386424	-0.000000196602	0.000000413991
215782102.000000000000	96.044997000000	11.150700000000	0.001280555881	-0.000154693235	0.000351832396	-0.000180761205	0.007121488057	300.000000000000	0.007583764632	0.007102516695	0.000480532135	0.000690749744	1182.123529387620	-0.000133921100	-0.000306078912	-0.000000017439	-0.000000091857	-0.000020841666	0.000062413520	-0.000000131148	0.000000052743
215782438.000000000000	96.044997000000	11.200900000000	0.001326309749	-0.000171921422	0.000352384453	-0.000182530963	0.007189220057	300.000000000000	0.007585045833	0.007170503716	0.000482267056	0.000690511858	1186.843411174390	-0.000134259412	-0.000306548709	0.000000477838	0.000000058943	-0.000020807217	0.000062165024	-0.000000094195	-0.000000084577
215782821.000000000000	96.044997000000	11.250300000000	0.001407458949	-0.000179226200	0.000352401122	-0.000181238010	0.007278235396	300.000000000000	0.007583350467	0.007269233265	0.000481781172	0.000689966369	1191.486232118483	-0.000133538382	-0.000305538781	-0.000000015297	-0.000000060491	-0.000020378825	0.000062156393	-0.000000131517	-0.000000273523
215783118.000000000000	96.044997000000	11.301200000000	0.001535656909	-0.000186454497	0.000351885156	-0.000182073147	0.007321041476	300.000000000000	0.007585061316	0.007321426455	0.000482275571	0.000689249517	1196.268116477919	-0.000133946522	-0.000306326816	0.000000059962	-0.000000183857	-0.000020556217	0.000061653904	0.000000127195	0.000000027734
215783488.000000000000	96.044997000000	11.350300000000	0.001718465666	-0.000219763733	0.000352484745	-0.000181580198	0.007401266973	300.000000000000	0.007586690880	0.007386287766	0.000483941841	0.000688118625	1200.879057115562	-0.000133605314	-0.000305624558	-0.000000088708	-0.000000221023	-0.000020445191	0.000061292891	0.000000439311	-0.000000163167
215783896.000000000000	96.044997000000	11.401100000000	0.001994391234	-0.000254939615	0.000352573391	-0.000181875586	0.007434356018	300.000000000000	0.007590654475	0.007421508370	0.000485913051	0.000688708285	1205.647741812531	-0.000133859869	-0.000306358944	0.000000004987	-0.000000406202	-0.000020948680	0.000060982093	0.000000092691	-0.000000135796
215784194.000000000000	96.044997000000	11.450200000000	0.002499922278	-0.000317360807	0.000352135031	-0.000181131245	0.007469505168	300.000000000000	0.007590758984	0.007441930689	0.000486463330	0.000688726912	1210.255006641646	-0.000134738182	-0.000307180792	0.000000077651	-0.000000120891	-0.000020283404	0.000060971626	0.000000319514	0.000000200622
215784566.000000000000	96.044997000000	11.500700000000	0.003256387768	-0.000406197031	0.000351768080	-0.000181890871	0.007507645980	300.000000000000	0.007589021040	0.007487422986	0.000486686315	0.000691443180	1214.991754894487	-0.000135040285	-0.000308391903	0.000000305855	-0.000000441492	-0.000020810323	0.000060281905	0.000000164475	-0.000000066785
215784895.000000000000	96.044997000000	11.550700000000	0.003425866230	-0.000431540966	0.000350664658	-0.000182443986	0.007582340408	300.000000000000	0.007589063618	0.007572510560	0.000487534617	0.000691953545	1219.679721845108	-0.000134712635	-0.000307575685	-0.000000197960	0.000000013576	-0.000020906962	0.000060537857	-0.000000168488	-0.000000120720
215785224.000000000000	96.044997000000	11.601000000000	0.002968321716	-0.000375037781	0.000351736006	-0.000182824657	0.007667365015	300.000000000000	0.007592721428	0.007646765479	0.000487018931	0.000692002506	1224.393926280249	-0.000134718015	-0.000306977998	-0.000000056300	-0.000000065780	-0.000021118785	0.000060733802	0.000000190341	-0.000000102226
215785568.000000000000	96.044997000000	11.650200000000	0.002550902353	-0.000315892460	0.000352345189	-0.000181593692	0.007688197943	300.000000000000	0.007585610955	0.007670787461	0.000485871541	0.000691400074	1229.003202566864	-0.000134718192	-0.000308041574	0.000000464387	-0.000000156387	-0.000020735676	0.000060782121	-0.000000069759	-0.000000085877
215785927.000000000000	96.044997000000	11.701300000000	0.002231892300	-0.000280273983	0.000351820143	-0.000182945036	0.007834317553	300.000000000000	0.007585614826	0.007808986772	0.000486793284	0.000691138771	1233.788559014254	-0.000134835380	-0.000307536530	0.000000098336	0.000000138288	-0.000020405341	0.000061208348	-0.000000068013	-0.000000339792
215786265.000000000000	96.044997000000	11.750500000000	0.002075680809	-0.000270693594	0.000352558960	-0.000181651303	0.007897787498	300.000000000000	0.007584891005	0.007900263501	0.000486323898	0.000689624707	1238.394137432697	-0.000134775793	-0.000308373870	-0.000000101389	0.000000002896	-0.000020808516	0.000060872755	0.000000118716	0.000000180427
215786577.000000000000	96.044997000000	11.800800000000	0.001941823154	-0.000248494690	0.000353054129	-0.000181869434	0.007951296016	300.000000000000	0.007587991435	0.007925013002	0.000487998682	0.000690601265	1243.100810937050	-0.000135215325	-0.000308237998	-0.000000130814	-0.000000066042	-0.000020746899	0.000060863248	0.000000039171	0.000000327588
215786905.000000000000	96.044997000000	11.850700000000	0.001968038266	-0.000252301247	0.000352636025	-0.000180716631	0.008025168367	300.000000000000	0.007585034221	0.008000834246	0.000489367992	0.000692576201	1247.768182311003	-0.000135040424	-0.000308719868	0.000000605501	-0.000000028009	-0.000020741873	0.000061008391	-0.000000292495	0.000000408388
215787234.000000000000	96.044997000000	11.900900000000	0.002192945215	-0.000288370561	0.000352866936	-0.000180313081	0.008078210840	300.000000000000	0.007589028782	0.008039358053	0.000490761783	0.000692394726	1252.461731362444	-0.000135383322	-0.000310077603	0.000000330397	-0.000000487926	-0.000020601281	0.000060641631	-0.000000056473	0.000000165697
215787592.000000000000	96.044997000000	11.951100000000	0.002451459835	-0.000309621571	0.000352786832	-0.000181730949	0.008190096996	300.000000000000	0.007577830852	0.008158369322	0.000492207728	0.000693789581	1257.153392127278	-0.000136145851	-0.000310335618	0.000000241661	-0.000000074304	-0.000020678385	0.000060365826	0.000000038146	0.000000130466
215787903.000000000000	96.044997000000	12.000700000000	0.002349201866	-0.000300708592	0.000352223540	-0.000181295754	0.008279957485	300.000000000000	0.007591118959	0.008259589655	0.000491333349	0.000694679926	1261.787122726086	-0.000135275162	-0.000309358273	0.000000205489	-0.000000202171	-0.000020213403	0.000060417155	0.000000070821	-0.000000037340
215788265.000000000000	96.044997000000	12.049900000000	0.002065718246	-0.000255794924	0.000351992596	-0.000182430712	0.008354658744	300.000000000000	0.007589470041	0.008322847618	0.000490577115	0.000693969460	1266.381663408401	-0.000135124603	-0.000308720607	0.000000237531	-0.000000006061	-0.000020204642	0.000059966759	-0.000000316912	-0.000000140142
215788585.000000000000	96.044997000000	12.101300000000	0.001731028370	-0.000216292254	0.000352734137	-0.000183016912	0.008465022337	300.000000000000	0.007589628740	0.008438363385	0.000492482335	0.000693215354	1271.179713849542	-0.000135816742	-0.000309911005	-0.000000068240	-0.000000066204	-0.000020171778	0.000059694842	0.000000330086	-0.000000120188
215788997.000000000000	96.044997000000	12.150600000000	0.001586100864	-0.000199274768	0.000350391330	-0.000181594468	0.008509186633	300.000000000000	0.007530565756	0.008489581449	0.000494723896	0.000691021158	1275.779875142445	-0.000135457227	-0.000309118745	0.000000108261	-0.000000105518	-0.000019514906	0.000059290676	0.000000032448	0.000000078221
215789444.000000000000	96.044997000000	12.200600000000	0.001550752550	-0.000193944673	0.000351628245	-0.000180443717	0.008585896373	300.000000000000	0.007542917154	0.008559698497	0.000494392345	0.000689477824	1280.443493128962	-0.000135119193	-0.000308389333	0.000000075057	-0.000000001651	-0.000019644692	0.000058477190	-0.000000100405	-0.000000218869
215789794.000000000000	96.044997000000	12.250700000000	0.001559180517	-0.000188796745	0.000352280766	-0.000181199707	0.008620226060	300.000000000000	0.007547418776	0.008591855640	0.000495510464	0.000687195285	1285.114559655649	-0.000135600453	-0.000309771649	-0.000000127511	-0.000000211839	-0.000019555872	0.000057985038	-0.000000306149	0.000000043696
215790170.000000000000	96.044997000000	12.300600000000	0.001602771430	-0.000210497370	0.000352118430	-0.000181261185	0.008682301790	300.000000000000	0.007554602792	0.008681669297	0.000495735046	0.000686178813	1289.765109922362	-0.000135582143	-0.000309915408	0.000000114429	-0.000000079318	-0.000019168180	0.000057427747	-0.000000143656	0.000000388462
215790470.000000000000	96.044997000000	12.350300000000	0.001627746172	-0.000211710345	0.000351571742	-0.000180810929	0.008770052849	300.000000000000	0.007552938392	0.008745338994	0.000496316723	0.000687756207	1294.395166400735	-0.000136032111	-0.000310725504	0.000000397858	0.000000111458	-0.000019077772	0.000057409116	0.000000036349	-0.000000315088
215790800.000000000000	96.044997000000	12.401600000000	0.001641717521	-0.000211536182	0.000352309089	-0.000180959458	0.008846474511	300.000000000000	0.007554258300	0.008826108937	0.000498595537	0.000689563505	1299.172338159413	-0.000136105698	-0.000311494081	0.000000010062	-0.000000191054	-0.000019045158	0.000056872788	-0.000000348668	-0.000000093452
215791145.000000000000	96.044997000000	12.450700000000	0.001662587929	-0.000220867853	0.000351648423	-0.000180675184	0.008934120252	300.000000000000	0.007554366679	0.008903907586	0.000501332029	0.000690592218	1303.742794402739	-0.000136055516	-0.000311474865	0.000000259045	-0.000000084108	-0.000018514672	0.000055883713	0.000000041043	-0.000000194266
215791478.000000000000	96.044997000000	12.500600000000	0.001681794052	-0.000233924308	0.000351734548	-0.000180631918	0.009000526033	300.000000000000	0.007557176806	0.008981936700	0.000502514010	0.000689580003	1308.385867941033	-0.000136029181	-0.000311453258	0.000000051317	-0.000000289130	-0.000018237491	0.000055952315	0.000000173884	-0.000000157968
215791801.000000000000	96.044997000000	12.550800000000	0.001716764662	-0.000225034579	0.000352349194	-0.000180698129	0.009086633385	300.000000000000	0.007550422438	0.009064008411	0.000503477796	0.000688643359	1313.054973564000	-0.000136441792	-0.000312322510	-0.000000042262	-0.000000358745	-0.000018320711	0.000055290076	0.000000000660	0.000000098278
215792199.000000000000	96.044997000000	12.600500000000	0.001792893895	-0.000243128439	0.000352357542	-0.000181389786	0.009125700016	300.000000000000	0.007557997394	0.009128880030	0.000505278176	0.000689106359	1317.675714484525	-0.000137247889	-0.000313989512	-0.000000034303	-0.000000186201	-0.000018463902	0.000054750990	0.000000060491	0.000000213102
215792568.000000000000	96.044997000000	12.650700000000	0.001893419480	-0.000252171480	0.000353188411	-0.000179921538	0.009141049316	300.000000000000	0.007557436143	0.009116616465	0.000506398956	0.000689868447	1322.341063407934	-0.000136591547	-0.000313202406	0.000000277121	0.000000077150	-0.000018545197	0.000054036183	0.000000126042	-0.000000047070
215792907.000000000000	96.044997000000	12.701100000000	0.002013762222	-0.000266591590	0.000352694694	-0.000180219268	0.009146521026	300.000000000000	0.007559158604	0.009115586434	0.000508324399	0.000689267611	1327.023100410677	-0.000136771408	-0.000312917961	-0.000000121652	-0.000000177504	-0.000018503294	0.000053250348	0.000000011650	-0.000000111043
215793226.000000000000	96.044997000000	12.750400000000	0.002042899184	-0.000268984346	0.000351054874	-0.000181132564	0.009108480778	300.000000000000	0.007547809717	0.009103069423	0.000509697967	0.000689120728	1331.601109246649	-0.000137383623	-0.000313908401	-0.000000130698	0.000000117866	-0.000018107911	0.000053176225	0.000000332038	0.000000020713
215793559.000000000000	96.044997000000	12.800400000000	0.002029180415	-0.000276750933	0.000350368904	-0.000180788975	0.009150597755	300.000000000000	0.007557002625	0.009121578901	0.000512206684	0.000690252152	1336.242260793166	-0.000137922214	-0.000314939023	-0.000000029923	-0.000000297194	-0.000017906195	0.000052629366	0.000000111862	0.000000136002
215793934.000000000000	96.044997000000	12.850800000000	0.002093498262	-0.000287549788	0.000351204324	-0.000179984583	0.009192452777	300.000000000000	0.007561577790	0.009197967629	0.000514664843	0.000690647033	1340.918646528427	-0.000137794545	-0.000315630950	-0.000000134516	-0.000000214648	-0.000017828474	0.000052395372	-0.000000114548	0.000000217171
215794274.000000000000	96.044997000000	12.900500000000	0.002214193133	-0.000293387010	0.000351257770	-0.000180459705	0.009212609187	300.000000000000	0.007556576848	0.009187605712	0.000515941021	0.000690164341	1345.528219400643	-0.000137647777	-0.000315292096	0.000000002570	0.000000093367	-0.000017256002	0.000051437493	0.000000255497	0.000000533339
215794619.000000000000	96.044997000000	12.951000000000	0.002370543282	-0.000330475547	0.000351544159	-0.000181360241	0.009206392503	300.000000000000	0.007551347535	0.009196269844	0.000518619239	0.000690228204	1350.210095749529	-0.000138269974	-0.000316492112	-0.000000235495	0.000000100806	-0.000017226637	0.000051243092	0.000000074271	-0.000000017122
215794966.000000000000	96.044997000000	13.000700000000	0.002551131417	-0.000341852528	0.000351338989	-0.000181224813	0.009192356392	300.000000000000	0.007561902929	0.009171047852	0.000522762560	0.000691308006	1354.815938960894	-0.000139132265	-0.000318179855	-0.000000184926	0.000000120456	-0.000017333412	0.000050228984	0.000000154478	-0.000000074833
215795299.000000000000	96.044997000000	13.050600000000	0.002997661046	-0.000397057438	0.000350353247	-0.000182071772	0.009204929151	300.000000000000	0.007560869452	0.009188752760	0.000525258505	0.000692799186	1359.438455724239	-0.000139678704	-0.000318814679	-0.000000161941	-0.000000235541	-0.000017037810	0.000049427707	0.000000160720	0.000000131190
215795646.000000000000	96.044997000000	13.100600000000	0.003845670463	-0.000509757117	0.000349839589	-0.000182256401	0.009153760101	300.000000000000	0.007561639721	0.009132849910	0.000527322848	0.000692992369	1364.068365739202	-0.000139815428	-0.000318897064	0.000000243632	-0.000000305824	-0.000017238044	0.000047908633	-0.000000265370	-0.000000153251
215796054.000000000000	96.044997000000	13.150700000000	0.005020133900	-0.000668495370	0.000348329984	-0.000181180872	0.009126267467	300.000000000000	0.007552845495	0.009100113358	0.000529790587	0.000693938061	1368.705657840344	-0.000139949050	-0.000320960903	0.000000054367	0.000000026700	-0.000017571734	0.000046435990	0.000000184747	-0.000000165045
215796416.000000000000	96.044997000000	13.200900000000	0.006329657934	-0.000847018699	0.000346873408	-0.000180240608	0.009129044536	300.000000000000	0.007560389486	0.009098183505	0.000531564890	0.000693481447	1373.350320842235	-0.000141084302	-0.000321026097	0.000000033496	-0.000000221210	-0.000017589638	0.000045290599	0.000000184727	0.000000193028
215796768.000000000000	96.044997000000	13.250700000000	0.006916804121	-0.000941816845	0.000346221513	-0.000179555882	0.009132648506	300.000000000000	0.007559359880	0.009105629724	0.000536190636	0.000694194041	1377.956110091334	-0.000141319946	-0.000321864743	-0.000000018984	0.000000033800	-0.000017385875	0.000044613767	-0.000000058945	0.000000122326
215797178.000000000000	96.044997000000	13.300300000000	0.006467821471	-0.000859963438	0.000346809080	-0.000177960813	0.009151816923	300.000000000000	0.007562231938	0.009112147568	0.000537334832	0.000695867761	1382.541556410062	-0.000141232115	-0.000322577532	0.000000222547	-0.000000063229	-0.000017329103	0.000044566485	0.000000241843	-0.000000127984
215797513.000000000000	96.044997000000	13.351200000000	0.005264617846	-0.000710076117	0.000347696508	-0.000180197722	0.009149747756	300.000000000000	0.007563946657	0.009134189360	0.000536642993	0.000693471335	1387.245270749738	-0.000140539779	-0.000321255357	0.000000011560	0.000000128303	-0.000017072605	0.000044830189	-0.000000071863	0.000000302298
215797873.000000000000	96.044997000000	13.400300000000	0.003939109284	-0.000534108761	0.000349565605	-0.000180701411	0.009168923798	300.000000000000	0.007561419091	0.009138335383	0.000534638786	0.000689969030	1391.780807425623	-0.000139913166	-0.000319469282	-0.000000153811	0.000000103768	-0.000016407365	0.000045573933	-0.000000017479	0.000000013335
215798173.000000000000	96.044997000000	13.451400000000	0.002797654831	-0.000369496968	0.000350614730	-0.000181246857	0.009158139214	300.000000000000	0.007560966220	0.009139591254	0.000534125228	0.000690294194	1396.499174336304	-0.000140341606	-0.000320091173	0.000000147943	-0.000000029651	-0.000015838829	0.000045849063	0.000000133745	0.000000510335
215798529.000000000000	96.044997000000	13.500000000000	0.002268977012	-0.000304051802	0.000349502255	-0.000182418740	0.009108847844	300.000000000000	0.007565436876	0.009104281932	0.000534448797	0.000688928609	1400.984887644969	-0.000140088990	-0.000318408678	0.000000051865	-0.000000114914	-0.000015609205	0.000045731485	-0.000000212620	0.000000459345
215798865.000000000000	96.044997000000	13.551400000000	0.001980149054	-0.000266368068	0.000350201067	-0.000181439935	0.009070185212	300.000000000000	0.007556781995	0.009050275624	0.000535296566	0.000688187277	1405.727113194182	-0.000140032554	-0.000320314231	-0.000000198376	-0.000000216588	-0.000015536503	0.000045713343	-0.000000036803	0.000000370709
215799179.000000000000	96.044997000000	13.600500000000	0.001834439925	-0.000246422048	0.000350330463	-0.000182491198	0.009082624161	300.000000000000	0.007566180050	0.009076134329	0.000536507286	0.000688217611	1410.255291053225	-0.000140553723	-0.000319841645	0.000000491004	-0.000000346864	-0.000015407595	0.000045498102	-0.000000039357	0.000000424691
215799525.000000000000	96.044997000000	13.651200000000	0.001739408173	-0.000230574297	0.000350223769	-0.000181795422	0.009097742267	300.000000000000	0.007563966011	0.009083334545	0.000538093195	0.000690531016	1414.929132890460	-0.000140886990	-0.000322146546	-0.000000069793	-0.000000443485	-0.000015437790	0.000045519461	-0.000000245052	-0.000000099361
215799944.000000000000	96.044997000000	13.700500000000	0.001687483330	-0.000226953668	0.000350505486	-0.000182449734	0.009127249087	300.000000000000	0.007562460309	0.009084274826	0.000538125658	0.000691290444	1419.472068940244	-0.000141096533	-0.000322559341	-0.000000013895	-0.000000014954	-0.000015235226	0.000045156134	-0.000000038300	0.000000326585
215800251.000000000000	96.044997000000	13.750200000000	0.001689860668	-0.000238947306	0.000351003797	-0.000182497786	0.009125748175	300.000000000000	0.007561194591	0.009112471875	0.000539833970	0.000690814671	1424.050023161286	-0.000141547831	-0.000321766646	-0.000000036923	-0.000000028463	-0.000014986757	0.000045025133	0.000000081100	0.000000253229
215800559.000000000000	96.044997000000	13.800700000000	0.001727707409	-0.000244638170	0.000350074540	-0.000181898878	0.009140078453	300.000000000000	0.007565436876	0.009103305320	0.000541834451	0.000691186668	1428.699773207076	-0.000141512436	-0.000322598658	0.000000186103	-0.000000203713	-0.000015100656	0.000044205744	-0.000000251133	-0.000000261309
215800895.000000000000	96.044997000000	13.850900000000	0.001831428907	-0.000253384548	0.000349518452	-0.000181898044	0.009117394730	300.000000000000	0.007564639512	0.009117393148	0.000544146260	0.000691534716	1433.320009343688	-0.000141150796	-0.000321744714	0.000000070966	0.000000188152	-0.000014866391	0.000043608569	-0.000000205696	0.000000123927
215801227.000000000000	96.044997000000	13.900600000000	0.001975745519	-0.000284131495	0.000349905986	-0.000181119663	0.009072426703	300.000000000000	0.007555570466	0.009048963537	0.000546530446	0.000693153089	1437.892369370915	-0.000142052640	-0.000324019326	-0.000000114410	0.000000035591	-0.000014602269	0.000042847037	-0.000000133625	0.000000021149
215801573.000000000000	96.044997000000	13.951000000000	0.002223057968	-0.000314287142	0.000350766613	-0.000180642740	0.009012576023	300.000000000000	0.007567290940	0.008983762507	0.000547384602	0.000692325542	1442.527241170137	-0.000141601507	-0.000323584680	-0.000000034499	0.000000226910	-0.000014203084	0.000041927224	0.000000176303	-0.000000265560
215801855.000000000000	96.044997000000	14.000400000000	0.002562873295	-0.000358068303	0.000349795447	-0.000180749312	0.008935538883	300.000000000000	0.007567426415	0.008906000526	0.000550415924	0.000691413910	1447.068306654388	-0.000142132277	-0.000323775283	0.000000071044	0.000000220479	-0.000014226293	0.000040995214	0.000000028467	0.000000009870
215802161.000000000000	96.044997000000	14.050800000000	0.003601964795	-0.000491038731	0.000349375168	-0.000180174034	0.008892433056	300.000000000000	0.007564039554	0.008878288516	0.000553360500	0.000689750834	1451.699414725957	-0.000142608608	-0.000326096382	0.000000140330	-0.000000248778	-0.000014041079	0.000039448901	-0.000000161377	0.000000210237
215802564.000000000000	96.044997000000	14.100400000000	0.004904791912	-0.000671763556	0.000347651156	-0.000179640058	0.008850910199	300.000000000000	0.007562855120	0.008828892978	0.000557848943	0.000691856155	1456.255157586136	-0.000143738427	-0.000326945015	0.000000231508	-0.000000336228	-0.000014236132	0.000037921978	-0.000000470194	0.000000237605
215802946.000000000000	96.044997000000	14.151100000000	0.005919482869	-0.000819165697	0.000346506555	-0.000179844407	0.008798307548	300.000000000000	0.007562266774	0.008761182398	0.000561120812	0.000693582029	1460.910032766966	-0.000143836404	-0.000327756954	-0.000000039467	0.000000227764	-0.000014420863	0.000036635621	-0.000000116824	0.000000143201
215803298.000000000000	96.044997000000	14.200700000000	0.006303422716	-0.000867153584	0.000345895879	-0.000179561357	0.008746395239	300.000000000000	0.007560288847	0.008728137787	0.000563815793	0.000695468623	1465.462053674941	-0.000144468403	-0.000329286560	0.000000109383	0.000000142896	-0.000014718565	0.000037211311	0.000000270198	0.000000207384
215803670.000000000000	96.044997000000	14.250700000000	0.006048078313	-0.000824375787	0.000346844810	-0.000179337943	0.008687420288	300.000000000000	0.007563218966	0.008669583861	0.000564027603	0.000696472323	1470.048921690670	-0.000144086449	-0.000328773970	0.000000007863	0.000000239449	-0.000014816464	0.000037355224	0.000000314313	-0.000000111063
215804020.000000000000	96.044997000000	14.300300000000	0.005353573653	-0.000718187489	0.000346742135	-0.000180372088	0.008594408317	300.000000000000	0.007551126905	0.008585334198	0.000564935509	0.000695845409	1474.597247028540	-0.000143719597	-0.000329008253	-0.000000155115	0.000000114369	-0.000014278162	0.000037009268	-0.000000347662	-0.000000045186
215804391.000000000000	96.044997000000	14.351100000000	0.004604041023	-0.000637472021	0.000348015059	-0.000181012480	0.008517271997	300.000000000000	0.007564782728	0.008519386362	0.000563681151	0.000693358512	1479.253704966719	-0.000143821235	-0.000328286529	0.000000251644	-0.000000044663	-0.000013898001	0.000037174727	0.000000077402	0.000000067298
215804753.000000000000	96.044997000000	14.400800000000	0.003557629563	-0.000489368269	0.000348564684	-0.000182014751	0.008419338290	300.000000000000	0.007564302761	0.008409914608	0.000567373446	0.000694231294	1483.807466115952	-0.000144591466	-0.000329494380	-0.000000238041	0.000000087321	-0.000013743404	0.000037375779	0.000000003276	0.000000012806
215805138.000000000000	96.044997000000	14.450600000000	0.003044899665	-0.000426885797	0.000348642001	-0.000182268370	0.008360976407	300.000000000000	0.007563656355	0.008343408921	0.000566399549	0.000695495498	1488.368536761236	-0.000144253672	-0.000328845280	0.000000297045	-0.000000028495	-0.000013339323	0.000037498639	-0.000000031430	-0.000000249495
215805466.000000000000	96.044997000000	14.500700000000	0.002691820090	-0.000369265920	0.000349689467	-0.000181961328	0.008320992342	300.000000000000	0.007553352556	0.008303755919	0.000566064805	0.000693650681	1492.955212188212	-0.000143332150	-0.000327070975	0.000000098303	0.000000127627	-0.000012901320	0.000037098862	-0.000000112988	0.000000248711
215805783.000000000000	96.044997000000	14.550400000000	0.002633094125	-0.000364211249	0.000349800738	-0.000182435094	0.008273578675	300.000000000000	0.007559034741	0.008248702321	0.000565995621	0.000691401138	1497.503412816615	-0.000143983585	-0.000329157470	0.000000202446	0.000000084999	-0.000012711158	0.000036785679	-0.000000126940	0.000000407259
215806095.000000000000	96.044997000000	14.601000000000	0.002922389181	-0.000404919636	0.000349462694	-0.000182847611	0.008232870979	300.000000000000	0.007560435934	0.008203127194	0.000568006213	0.000691989202	1502.132077662402	-0.000144877353	-0.000329746020	-0.000000260049	-0.000000054657	-0.000012961494	0.000036003912	0.000000007128	-0.000000034079
215806409.000000000000	96.044997000000	14.650400000000	0.003818914850	-0.000539445817	0.000349450652	-0.000181149015	0.008132111930	300.000000000000	0.007557486462	0.008101929148	0.000572079552	0.000694247260	1506.649124892096	-0.000145665649	-0.000332700956	-0.000000259220	0.000000067433	-0.000012650943	0.000034126831	0.000000126912	-0.000000156793
215806816.000000000000	96.044997000000	14.701100000000	0.005722437562	-0.000798562433	0.000347112212	-0.000180990050	0.008084563643	300.000000000000	0.007560660434	0.008062154383	0.000578311963	0.000695398907	1511.283144498297	-0.000147021900	-0.000335065509	0.000000011539	0.000000233339	-0.000012365636	0.000031145493	0.000000032753	-0.000000150146
215807247.000000000000	96.044997000000	14.750200000000	0.008143706462	-0.001121901178	0.000342899381	-0.000180995506	0.008059973665	300.000000000000	0.007561314582	0.008048789782	0.000585770527	0.000697168420	1515.769091064301	-0.000148808214	-0.000338049396	-0.000000162530	0.000000064780	-0.000012336636	0.000027174697	0.000000199098	-0.000000115166
215807605.000000000000	96.044997000000	14.800300000000	0.009451567547	-0.001311408972	0.000341363578	-0.000179180034	0.008017027049	300.000000000000	0.007565638152	0.008014053573	0.000594849060	0.000698272170	1520.344543362762	-0.000149720582	-0.000339839259	0.000000350396	-0.000000058009	-0.000011922833	0.000025269042	0.000000066954	-0.000000207959
215807912.000000000000	96.044997000000	14.851700000000	0.008293524142	-0.001139783822	0.000343354098	-0.000178753502	0.007950922459	300.000000000000	0.007562975112	0.007933057067	0.000599309297	0.000698425971	1525.036769963117	-0.000148041129	-0.000338099133	0.000000201803	0.000000208819	-0.000011865786	0.000026230404	-0.000000066114	-0.000000036535
215808341.000000000000	96.044997000000	14.900000000000	0.006474946479	-0.000884424492	0.000346095512	-0.000179270896	0.007896296247	300.000000000000	0.007564082132	0.007883307730	0.000594975187	0.000698689935	1529.444202564631	-0.000146733635	-0.000334873803	0.000000287864	-0.000000165562	-0.000012343365	0.000029259248	0.000000081688	-0.000000102297
215808662.000000000000	96.044997000000	14.952000000000	0.004564820209	-0.000619655465	0.000348026637	-0.000182621286	0.007863779593	300.000000000000	0.007564364693	0.007853568356	0.000589488899	0.000697179596	1534.187315389716	-0.000146712326	-0.000334234540	-0.000000041997	-0.000000171706	-0.000012063816	0.000031137326	-0.000000012786	0.000000216293
215809009.000000000000	96.044997000000	15.000000000000	0.003417194001	-0.000457188499	0.000348661084	-0.000182745459	0.007815615804	300.000000000000	0.007563675708	0.007804925848	0.000584143107	0.000694809246	1538.563779632059	-0.000145722856	-0.000332905999	0.000000081181	-0.000000125285	-0.000011858819	0.000031940445	0.000000101657	-0.000000298151
215809403.000000000000	96.044997000000	15.051300000000	0.002592125799	-0.000339860837	0.000349553250	-0.000182208392	0.007789598966	300.000000000000	0.007563141552	0.007788642928	0.000580574279	0.000689027596	1543.239222271357	-0.000144177517	-0.000330172074	-0.000000164534	-0.000000191897	-0.000011488873	0.000032841030	0.000000083082	0.000000144661
215809736.000000000000	96.044997000000	15.100200000000	0.002223392366	-0.000294973406	0.000350211535	-0.000182342380	0.007767696960	300.000000000000	0.007567213526	0.007741194493	0.000577958060	0.000687592294	1547.694099965674	-0.000145383216	-0.000331704905	0.000000278433	-0.000000178060	-0.000011753530	0.000032983584	-0.000000051157	0.000000136928
215810058.000000000000	96.044997000000	15.151200000000	0.002047253926	-0.000279832326	0.000350073431	-0.000181331540	0.007722528506	300.000000000000	0.007560385615	0.007689953454	0.000577519541	0.000689610338	1552.338387867869	-0.000145465645	-0.000332328306	-0.000000299066	0.000000438816	-0.000011179446	0.000032567269	-0.000000002470	-0.000000248925
215810410.000000000000	96.044997000000	15.200800000000	0.002019758726	-0.000276284176	0.000350385315	-0.000181551475	0.007691077652	300.000000000000	0.007562858991	0.007672754343	0.000577880362	0.000690371361	1556.853321369699	-0.000144896123	-0.000330385831	-0.000000190274	0.000000094974	-0.000011082915	0.000032293625	0.000000338569	-0.000000052114
215810759.000000000000	96.044997000000	15.250500000000	0.002114556903	-0.000292659622	0.000350368304	-0.000182010532	0.007649917192	300.000000000000	0.007567341260	0.007626169470	0.000577781375	0.000689863657	1561.375513927589	-0.000145662276	-0.000330269811	0.000000105902	-0.000000007766	-0.000010822733	0.000031900780	-0.000000075288	0.000000282829
215811116.000000000000	96.044997000000	15.300900000000	0.002201092663	-0.000307787565	0.000350260681	-0.000182416430	0.007598365943	300.000000000000	0.007558454136	0.007585701541	0.000579057553	0.000689076557	1565.959514813219	-0.000145347666	-0.000331208346	-0.000000122048	-0.000000012576	-0.000010978017	0.000031301910	-0.000000308761	-0.000000299704
215811430.000000000000	96.044997000000	15.350300000000	0.002163931327	-0.000303022987	0.000351526982	-0.000181468501	0.007567047726	300.000000000000	0.007566787750	0.007564458558	0.000581311354	0.000690451189	1570.450721836714	-0.000146142656	-0.000333562636	-0.000000014756	-0.000000015629	-0.000011086239	0.000031589251	-0.000000024297	-0.000000161872
215811783.000000000000	96.044997000000	15.401100000000	0.001996209935	-0.000274756089	0.000351106829	-0.000182487573	0.007547660397	300.000000000000	0.007568726969	0.007521567817	0.000581947847	0.000688656663	1575.067308931553	-0.000145576811	-0.000331625908	-0.000000146609	-0.000000238234	-0.000011315144	0.000031463888	0.000000048130	0.000000091212
215812117.000000000000	96.044997000000	15.451200000000	0.001815714912	-0.000255755309	0.000351156636	-0.000181887602	0.007517505466	300.000000000000	0.007564647254	0.007498396258	0.000583336316	0.000688317662	1579.618393777575	-0.000146163269	-0.000332732067	-0.000000156127	-0.000000112554	-0.000010846207	0.000031658606	0.000000129450	-0.000000036029
215812459.000000000000	96.044997000000	15.500000000000	0.001697384005	-0.000229980645	0.000350267720	-0.000182065630	0.007479732227	300.000000000000	0.007567023862	0.007470778002	0.000582184669	0.000688652406	1584.049584313747	-0.000145843339	-0.000332623980	-0.000000119127	0.000000002390	-0.000011036760	0.000030902020	0.000000083766	-0.000000020075
215812776.000000000000	96.044997000000	15.550800000000	0.001631126259	-0.000225288524	0.000350733368	-0.000181537332	0.007427733393	300.000000000000	0.007566896129	0.007415730701	0.000583700330	0.000690099947	1588.660491732246	-0.000145560483	-0.000332148251	0.000000150507	0.000000258105	-0.000010956681	0.000030581814	0.000000086011	0.000000068388
215813099.000000000000	96.044997000000	15.601100000000	0.001547713391	-0.000218049371	0.000351294377	-0.000181212026	0.007345090021	300.000000000000	0.007566644534	0.007333781218	0.000583532692	0.000689293156	1593.224117485333	-0.000146268287	-0.000333105168	-0.000000156603	0.000000228005	-0.000010253721	0.000030607333	0.000000062861	-0.000000203556
215813467.000000000000	96.044997000000	15.650800000000	0.001469298477	-0.000212433824	0.000350750860	-0.000182308188	0.007285656775	300.000000000000	0.007566950319	0.007286454226	0.000583445945	0.000688299035	1597.731450838846	-0.000146672812	-0.000332832517	-0.000000275933	0.000000060848	-0.000010167993	0.000030486570	-0.000000065326	0.000000063347
215813824.000000000000	96.044997000000	15.701000000000	0.001429003688	-0.000193921820	0.000351882025	-0.000181558288	0.007229006713	300.000000000000	0.007566807103	0.007204407702	0.000584213888	0.000687746096	1602.282257441308	-0.000145385144	-0.000332374798	-0.000000082906	0.000000345830	-0.000010061339	0.000030060820	-0.000000014815	-0.000000402891
215814186.000000000000	96.044997000000	15.750500000000	0.001423230336	-0.000193890994	0.000351051264	-0.000182182775	0.007159142844	300.000000000000	0.007567898640	0.007128204352	0.000584211227	0.000685965939	1606.767764371840	-0.000145651591	-0.000331561906	0.000000173296	-0.000000068288	-0.000009710758	0.000029994014	0.000000027395	-0.000000169397
215814502.000000000000	96.044997000000	15.800400000000	0.001453548705	-0.000212342147	0.000350710952	-0.000182205509	0.007113395749	300.000000000000	0.007571645476	0.007101550743	0.000584752990	0.000686730156	1611.287666463686	-0.000146012480	-0.000332018179	0.000000170305	-0.000000030614	-0.000010160577	0.000029240691	0.000000142956	0.000000080751
215814851.000000000000	96.044997000000	15.851100000000	0.001492490871	-0.000212995941	0.000351409552	-0.000182025126	0.007069932737	300.000000000000	0.007566888388	0.007063615716	0.000585698150	0.000685390648	1615.878128321245	-0.000146278732	-0.000333029421	0.000000096287	-0.000000472828	-0.000010248111	0.000029236974	0.000000026121	-0.000000182566
215815160.000000000000	96.044997000000	15.900800000000	0.001489779897	-0.000206201269	0.000350449911	-0.000182336335	0.007051160602	300.000000000000	0.007566423904	0.007033085257	0.000588228154	0.000686500784	1620.376186339439	-0.000146549436	-0.000333474776	0.000000076350	0.000000281164	-0.000009708845	0.000029250438	0.000000044847	0.000000028889
215815535.000000000000	96.044997000000	15.950900000000	0.001475834337	-0.000200208710	0.000350495550	-0.000181827291	0.007004489830	300.000000000000	0.007571432588	0.006984109844	0.000588775772	0.000688351189	1624.908580232226	-0.000146690421	-0.000332780509	0.000000560410	0.000000374875	-0.000009591040	0.000028462322	0.000000168283	-0.000000158516
215815943.000000000000	96.044997000000	16.000400000000	0.001480486823	-0.000205329331	0.000351410222	-0.000180190842	0.006944636508	300.000000000000	0.007567999278	0.006922125583	0.000589173846	0.000687019664	1629.384854351305	-0.000145987916	-0.000334170381	-0.000000301699	-0.000000436633	-0.000010074951	0.000028483222	0.000000023440	0.000000256879
215816263.000000000000	96.044997000000	16.051300000000	0.001569465207	-0.000211745885	0.000351143956	-0.000181458959	0.006872715173	300.000000000000	0.007565324626	0.006846225240	0.000590324428	0.000687583780	1633.985823493582	-0.000146204554	-0.000334268124	-0.000000006939	-0.000000109032	-0.000009798835	0.000027907126	0.000000189287	-0.000000060148
215816588.000000000000	96.044997000000	16.100500000000	0.001767961378	-0.000249326305	0.000351158378	-0.000181584588	0.006806383817	300.000000000000	0.007563493786	0.006787879993	0.000591700657	0.000687880738	1638.431288364494	-0.000147474825	-0.000335068553	0.000000392547	0.000000176692	-0.000009397802	0.000027614561	0.000000086691	-0.000000384529
215816987.000000000000	96.044997000000	16.151200000000	0.002146608077	-0.000290397078	0.000350597869	-0.000181616053	0.006753703458	300.000000000000	0.007567871545	0.006749169129	0.000594214164	0.000688870601	1643.010396305597	-0.000147381014	-0.000335374589	0.000000197632	-0.000000128888	-0.000009635854	0.000027242399	-0.000000154475	0.000000236675
215817330.000000000000	96.044997000000	16.200400000000	0.002861842849	-0.000393898319	0.000350236407	-0.000180667261	0.006738592008	300.000000000000	0.007565185281	0.006732728878	0.000594406282	0.000688125011	1647.452194342353	-0.000147312088	-0.000335453297	0.000000193633	0.000000137702	-0.000009688657	0.000025911495	-0.000000137873	0.000000044225
215817691.000000000000	96.044997000000	16.250700000000	0.003939203376	-0.000537242056	0.000348982786	-0.000180100933	0.006704603005	300.000000000000	0.007567457380	0.006697958382	0.000597012389	0.000688448047	1651.991434212916	-0.000147235514	-0.000336196282	0.000000150957	-0.000000024842	-0.000009810118	0.000024923792	0.000000245192	-0.000000014042
215818027.000000000000	96.044997000000	16.300400000000	0.005063158174	-0.000715175527	0.000347956507	-0.000179629007	0.006674203953	300.000000000000	0.007566818715	0.006670207695	0.000599852125	0.000688379395	1656.474674582969	-0.000148383975	-0.000337788382	-0.000000031493	0.000000020822	-0.000009920389	0.000023583284	0.000000100170	0.000000202201
215818360.000000000000	96.044997000000	16.351100000000	0.006652450109	-0.000924497210	0.000346113611	-0.000179025330	0.006654322399	300.000000000000	0.007571304854	0.006630994438	0.000605281469	0.000690278229	1661.046222811612	-0.000149734898	-0.000339840684	-0.000000229363	0.000000329380	-0.000009882308	0.000021664584	-0.000000116292	0.000000323651
215818706.000000000000	96.044997000000	16.400300000000	0.008078782446	-0.001129123793	0.000343161424	-0.000178555936	0.006612967546	300.000000000000	0.007570418465	0.006615362648	0.000611467048	0.000692831649	1665.480685446024	-0.000149996365	-0.000340859874	-0.000000366981	0.000000101609	-0.000009717098	0.000019891798	0.000000001878	-0.000000234190
215819050.000000000000	96.044997000000	16.451700000000	0.008741355654	-0.001240033817	0.000342213313	-0.000177518914	0.006592077685	300.000000000000	0.007565208505	0.006570699183	0.000616697356	0.000694585197	1670.111509182898	-0.000150931948	-0.000342604494	0.000000013212	-0.000000287534	-0.000009484442	0.000018249206	-0.000000091742	0.000000202083
215819455.000000000000	96.044997000000	16.500200000000	0.007669816114	-0.001070365110	0.000343285769	-0.000179663873	0.006564034114	300.000000000000	0.007567616079	0.006544781847	0.000618975105	0.000696064137	1674.479254479502	-0.000150300790	-0.000341790925	0.000000095370	0.000000049309	-0.000009358002	0.000018496412	0.000000183404	-0.000000105680
215819821.000000000000	96.044997000000	16.551200000000	0.005838456484	-0.000820369605	0.000344095112	-0.000180334598	0.006527937253	300.000000000000	0.007560354649	0.006513997688	0.000617527031	0.000694151999	1679.070249675535	-0.000149428091	-0.000339668381	0.000000027738	-0.000000008800	-0.000009245525	0.000021053296	-0.000000091258	-0.000000233207
215820186.000000000000	96.044997000000	16.600400000000	0.004321349491	-0.000600687019	0.000347653021	-0.000180217454	0.006516337946	300.000000000000	0.007562533852	0.006502256207	0.000613509572	0.000690943992	1683.497372230257	-0.000148686999	-0.000338040873	0.000000129990	-0.000000036545	-0.000009316965	0.000023114146	0.000000084811	-0.000000151025
215820527.000000000000	96.044997000000	16.651300000000	0.003374079164	-0.000460016020	0.000349024085	-0.000180727252	0.006493931686	300.000000000000	0.007560931383	0.006477989956	0.000609228149	0.000690511326	1688.075565535104	-0.000149068271	-0.000338559373	0.000000141788	-0.000000220717	-0.000009024421	0.000023890374	-0.000000130715	0.000000099874
215820899.000000000000	96.044997000000	16.700600000000	0.002664152905	-0.000356031073	0.000349736098	-0.000180748775	0.006483847962	300.000000000000	0.007562990595	0.006467202895	0.000605672093	0.000690217560	1692.508006161741	-0.000147775268	-0.000336645429	0.000000095889	-0.000000159547	-0.000009176256	0.000025040787	-0.000000047557	0.000000209786
215821254.000000000000	96.044997000000	16.750400000000	0.002175681078	-0.000293228326	0.000349343022	-0.000181523262	0.006498076383	300.000000000000	0.007564852401	0.006478549098	0.000600923412	0.000687897768	1696.983561562165	-0.000147034447	-0.000335382104	0.000000051950	-0.000000085946	-0.000009223285	0.000025813473	-0.000000053765	0.000000166916
215821577.000000000000	96.044997000000	16.801000000000	0.001830131066	-0.000249281914	0.000348489758	-0.000182400589	0.006481342964	300.000000000000	0.007561984213	0.006461558776	0.000597823438	0.000684433248	1701.529120577849	-0.000146951206	-0.000335153353	0.000000007886	0.000000040313	-0.000009047510	0.000025740044	-0.000000272712	0.000000254885
215821930.000000000000	96.044997000000	16.850500000000	0.001631320233	-0.000219097185	0.000349173748	-0.000182032482	0.006458688404	300.000000000000	0.007561453928	0.006446926046	0.000596327468	0.000685351798	1705.974017096805	-0.000146965174	-0.000335021572	0.000000082969	-0.000000155707	-0.000009095470	0.000025495650	0.000000094673	-0.000000017242
215822245.000000000000	96.044997000000	16.901100000000	0.001448795330	-0.000184629517	0.000349118310	-0.000183825956	0.006441191214	300.000000000000	0.007565634282	0.006426960505	0.000595921943	0.000687776962	1710.515802260406	-0.000147072906	-0.000335349358	-0.000000227302	-0.000000153754	-0.000009083860	0.000025847014	0.000000015112	0.000000175718
215822646.000000000000	96.044997000000	16.950400000000	0.001327797701	-0.000176064952	0.000348329635	-0.000183436775	0.006413519881	300.000000000000	0.007563191871	0.006402140354	0.000597052835	0.000686916953	1714.939066739054	-0.000147057330	-0.000334861617	0.000000383070	-0.000000238692	-0.000008334478	0.000025951365	-0.000000031495	0.000000026142
215823062.000000000000	96.044997000000	17.000800000000	0.001249154807	-0.000175766279	0.000348461863	-0.000183280140	0.006402842952	300.000000000000	0.007562584171	0.006380968661	0.000597071461	0.000687201671	1719.459153249081	-0.000147172986	-0.000335314573	-0.000000015176	0.000000042195	-0.000008754270	0.000025640570	0.000000091804	0.000000203232
