215371351.000000000000	96.044997000000	7.997000000000	0.000246202104	0.000008831351	-0.000167113517	0.000081446538	0.002076132943	300.000000000000	0.002286214703	0.001535471783	0.000349118840	0.000444424571	881.822906291725	-0.000077470319	-0.000168994279	-0.000000058349	0.000000201708	-0.000007158269	0.000022901857	0.000000321089	0.000000293189
215371758.000000000000	96.044997000000	8.051400000000	0.000269225557	0.000004647533	-0.000166307466	0.000081363098	0.002148509153	300.000000000000	0.002290201512	0.002147003660	0.000373208430	0.000445389887	887.066082157571	-0.000077412369	-0.000168180997	-0.000000086836	-0.000000091752	-0.000007892557	0.000024077161	-0.000000002164	0.000000286438
215372110.000000000000	96.044997000000	8.100300000000	0.000274411792	0.000005705200	-0.000165367610	0.000080679990	0.002229777039	300.000000000000	0.002289257064	0.002220844083	0.000369758578	0.000446269987	891.777268293867	-0.000076746212	-0.000167227720	0.000000075194	0.000000083196	-0.000007633766	0.000024514824	-0.000000090559	-0.000000193194
215372429.000000000000	96.044997000000	8.150900000000	0.000275681723	0.000005124596	-0.000164641826	0.000080398810	0.002308505223	300.000000000000	0.002289617038	0.002301713553	0.000366949243	0.000444216421	896.650354884780	-0.000076481763	-0.000166493692	0.000000611981	-0.000000115069	-0.000007527301	0.000025194090	-0.000000321282	0.000000081922
215372758.000000000000	96.044997000000	8.200300000000	0.000277385381	0.000004103001	-0.000163998081	0.000080222022	0.002387784682	300.000000000000	0.002286624996	0.002377005458	0.000363357598	0.000445441576	901.406026401903	-0.000076321824	-0.000165850476	0.000000390851	0.000000176065	-0.000008505827	0.000026213282	0.000000143971	-0.000000099032
215373105.000000000000	96.044997000000	8.250800000000	0.000288148367	0.000001197196	-0.000163406492	0.000079917969	0.002471750140	300.000000000000	0.002290151193	0.002466787841	0.000360713108	0.000444816425	906.265706267082	-0.000076030969	-0.000165243959	-0.000000090338	-0.000000149541	-0.000008895148	0.000026525412	-0.000000015081	0.000000310095
215373522.000000000000	96.044997000000	8.300300000000	0.000288860822	0.000003777018	-0.000162588371	0.000079548365	0.002554397667	300.000000000000	0.002289148685	0.002546592892	0.000358404592	0.000444661360	911.027303086965	-0.000075685523	-0.000164418938	0.000000083947	0.000000283444	-0.000008857022	0.000026787580	0.000000134864	0.000000083113
215373874.000000000000	96.044997000000	8.350900000000	0.000280495982	0.000005477149	-0.000163828002	0.000080228482	0.002632315341	300.000000000000	0.002288633883	0.002623049529	0.000355715398	0.000446413876	915.892818256816	-0.000076331691	-0.000165678532	0.000000220378	-0.000000124749	-0.000009236237	0.000028070018	-0.000000224295	0.000000201808
215374254.000000000000	96.044997000000	8.400900000000	0.000273112775	0.000003024503	-0.000162842008	0.000079412124	0.002759856226	300.000000000000	0.002288808064	0.002752415056	0.000354419695	0.000447087223	920.698757669072	-0.000075537562	-0.000164673446	-0.000000147006	-0.000000215858	-0.000009415560	0.000028925652	0.000000167706	-0.000000055210
215374593.000000000000	96.044997000000	8.450600000000	0.000263738607	0.000001868523	-0.000161734998	0.000078924660	0.002841591370	300.000000000000	0.002289899599	0.002835606222	0.000352084637	0.000446008751	925.474007467334	-0.000075075518	-0.000163555630	-0.000000062017	-0.000000092834	-0.000009502731	0.000029458819	0.000000157090	-0.000000152251
215374904.000000000000	96.044997000000	8.500700000000	0.000242972368	0.000007755845	-0.000160494536	0.000078284988	0.002922958998	300.000000000000	0.002290255702	0.002919203496	0.000348786358	0.000445584767	930.285818985374	-0.000074467386	-0.000162303317	-0.000000162954	0.000000267859	-0.000009768834	0.000029241563	0.000000104405	0.000000133321
215375228.000000000000	96.044997000000	8.550900000000	0.000237010635	0.000005355034	-0.000159606830	0.000078377014	0.002994817682	300.000000000000	0.002289648004	0.002984733513	0.000344475266	0.000443439698	935.105350817710	-0.000074579422	-0.000161411509	0.000000438510	0.000000263056	-0.000009766418	0.000030083673	-0.000000024600	0.000000109729
215375550.000000000000	96.044997000000	8.600800000000	0.000245013130	0.000000796861	-0.000159595694	0.000078705426	0.003062471129	300.000000000000	0.002289458340	0.003054257634	0.000341702253	0.000443971250	939.894211464110	-0.000074915889	-0.000161412180	0.000000063396	-0.000000019227	-0.000009810811	0.000030857150	-0.000000038726	0.000000067489
215375876.000000000000	96.044997000000	8.650600000000	0.000238097832	0.000003007904	-0.000159343384	0.000078139531	0.003136943299	300.000000000000	0.002290480202	0.003135358665	0.000339811435	0.000444745878	944.671617098516	-0.000074348920	-0.000161140182	-0.000000011735	-0.000000161682	-0.000010480894	0.000031553424	0.000000320503	-0.000000197052
215376235.000000000000	96.044997000000	8.700900000000	0.000237321612	0.000002831987	-0.000157877600	0.000077002439	0.003223969031	300.000000000000	0.002290038943	0.003219487442	0.000338053331	0.000442913733	949.495104277208	-0.000073248936	-0.000159650570	0.000000112338	-0.000000019442	-0.000010512897	0.000031863632	-0.000000222527	0.000000171149
215376607.000000000000	96.044997000000	8.750200000000	0.000234592425	0.000003321856	-0.000157194632	0.000077495583	0.003297195431	300.000000000000	0.002288928056	0.003288488869	0.000335836317	0.000439651776	954.220859301846	-0.000073757245	-0.000158981574	-0.000000090035	-0.000000076810	-0.000010489714	0.000032423513	-0.000000128609	0.000000099159
215376932.000000000000	96.044997000000	8.801200000000	0.000231770389	0.000004744870	-0.000157743395	0.000077190622	0.003364353689	300.000000000000	0.002289887987	0.003364211220	0.000334340148	0.000441240147	959.107656794933	-0.000073440459	-0.000159524730	-0.000000226695	0.000000325642	-0.000010584967	0.000033005318	0.000000176732	-0.000000261176
215377296.000000000000	96.044997000000	8.850300000000	0.000240957163	0.000001452149	-0.000157362679	0.000077016195	0.003424149353	300.000000000000	0.002289276418	0.003416252542	0.000331975054	0.000442493241	963.810557443623	-0.000073270492	-0.000159137554	0.000000028993	-0.000000057863	-0.000010642890	0.000033528043	0.000000357185	0.000000035448
215377598.000000000000	96.044997000000	8.900900000000	0.000239596367	0.000004265088	-0.000157628388	0.000077344525	0.003472572484	300.000000000000	0.002289915081	0.003473769004	0.000330875628	0.000445435988	968.655242832803	-0.000073596306	-0.000159412755	-0.000000235366	0.000000124887	-0.000011282458	0.000034034862	-0.000000061165	0.000000080710
215377933.000000000000	96.044997000000	8.950900000000	0.000239343804	0.000005255037	-0.000156538537	0.000076480308	0.003514568503	300.000000000000	0.002288099728	0.003507925323	0.000328731956	0.000445864163	973.440598428138	-0.000072757714	-0.000158304635	0.000000098119	0.000000057953	-0.000011392464	0.000034258170	0.000000035371	0.000000044485
215378255.000000000000	96.044997000000	9.000600000000	0.000252318001	0.000000911924	-0.000156589155	0.000076694769	0.003560927761	300.000000000000	0.002290991133	0.003555326162	0.000326904701	0.000444503501	978.195386919464	-0.000072968501	-0.000158360802	0.000000093544	-0.000000220729	-0.000011529596	0.000035343281	0.000000067960	0.000000279812
215378594.000000000000	96.044997000000	9.050700000000	0.000248533555	0.000005399215	-0.000155857011	0.000075869516	0.003634958788	300.000000000000	0.002292740684	0.003627278830	0.000322803855	0.000444226200	982.986571471656	-0.000072162697	-0.000157608988	-0.000000094190	0.000000057470	-0.000011794457	0.000036037782	-0.000000026167	-0.000000137607
215378910.000000000000	96.044997000000	9.100800000000	0.000245999662	0.000006283630	-0.000156473830	0.000076208816	0.003721760051	300.000000000000	0.002290820823	0.003715461510	0.000322071835	0.000443646451	987.775876589176	-0.000072489399	-0.000158230490	0.000000331741	-0.000000026697	-0.000012241067	0.000036433580	-0.000000130993	0.000000084917
215379238.000000000000	96.044997000000	9.150500000000	0.000256334851	0.000004266404	-0.000154521088	0.000075906477	0.003812991073	300.000000000000	0.002291327883	0.003805674371	0.000320903957	0.000442587538	992.525086680467	-0.000072241496	-0.000156276035	-0.000000247866	0.000000082340	-0.000011884643	0.000036339674	-0.000000072276	0.000000251620
215379590.000000000000	96.044997000000	9.200800000000	0.000266258092	0.000003452028	-0.000154680842	0.000075525327	0.003915285525	300.000000000000	0.002290445366	0.003902768243	0.000315614976	0.000440821052	997.329747978998	-0.000071846261	-0.000156427814	0.000000188558	-0.000000073716	-0.000012663312	0.000036707352	0.000000192086	0.000000017035
215379913.000000000000	96.044997000000	9.250900000000	0.000282900180	0.000005537762	-0.000153858451	0.000075422435	0.003997216630	300.000000000000	0.002290604064	0.003986668625	0.000311492477	0.000440828735	1002.113421848342	-0.000071760924	-0.000155596691	-0.000000005569	0.000000379055	-0.000012047450	0.000037252906	0.000000132015	0.000000394720
215380291.000000000000	96.044997000000	9.300200000000	0.000311079924	0.000005264339	-0.000153958474	0.000075534061	0.004063973501	300.000000000000	0.002289884116	0.004057984329	0.000311590265	0.000440497650	1006.818874765353	-0.000071870076	-0.000155703189	0.000000340501	-0.000000100707	-0.000012354794	0.000037938431	0.000000214641	0.000000184548
215380595.000000000000	96.044997000000	9.350900000000	0.000360730398	0.000004651297	-0.000153550210	0.000075528677	0.004164072245	300.000000000000	0.002289481564	0.004161205888	0.000311045442	0.000440157484	1011.656052581993	-0.000071874862	-0.000155294050	-0.000000096565	0.000000114964	-0.000012715518	0.000038203460	-0.000000130582	0.000000427923
215380909.000000000000	96.044997000000	9.400900000000	0.000449074206	0.000002822052	-0.000152298082	0.000074656390	0.004243527014	300.000000000000	0.002290902107	0.004245185026	0.000310562085	0.000440271338	1016.424559436049	-0.000071030250	-0.000154019974	0.000000188924	-0.000000107997	-0.000012757057	0.000038644100	0.000000364695	0.000000003292
215381218.000000000000	96.044997000000	9.450600000000	0.000574946357	0.000003684616	-0.000152050785	0.000074827535	0.004357347441	300.000000000000	0.002287267530	0.004344299352	0.000308750197	0.000440653414	1021.162599639472	-0.000071212059	-0.000153782724	0.000000120163	-0.000000021588	-0.000013091360	0.000038742786	0.000000261384	0.000000189281
215381585.000000000000	96.044997000000	9.500900000000	0.000734295184	0.000006049688	-0.000151901439	0.000074211273	0.004450724360	300.000000000000	0.002290662124	0.004433120915	0.000305225607	0.000441371463	1025.955955798765	-0.000070601822	-0.000153612128	0.000000149300	0.000000010050	-0.000013109561	0.000039142250	-0.000000112071	0.000000083182
215381933.000000000000	96.044997000000	9.550700000000	0.000797868230	0.000005249340	-0.000151558045	0.000074294336	0.004564252697	300.000000000000	0.002290704702	0.004543391304	0.000304036075	0.000441195443	1030.699797357855	-0.000070691057	-0.000153274340	-0.000000397034	-0.000000032057	-0.000013540266	0.000039483558	-0.000000317236	-0.000000007431
215382247.000000000000	96.044997000000	9.600700000000	0.000745678936	0.000003725033	-0.000151745005	0.000073970292	0.004655853656	300.000000000000	0.002292102020	0.004647420893	0.000303210458	0.000442050397	1035.460821626582	-0.000070361187	-0.000153455116	0.000000135177	0.000000073070	-0.000013746711	0.000040028156	0.000000201805	0.000000025089
215382564.000000000000	96.044997000000	9.650900000000	0.000645560065	0.000004812621	-0.000150918063	0.000073608053	0.004742563132	300.000000000000	0.002290460848	0.004724722659	0.000302669127	0.000441276468	1040.239006076943	-0.000070017231	-0.000152612748	0.000000184210	0.000000218880	-0.000013575031	0.000040106192	-0.000000228482	-0.000000189023
215382895.000000000000	96.044997000000	9.700700000000	0.000563267854	0.000005302162	-0.000152331000	0.000074161796	0.004806831170	300.000000000000	0.002291594960	0.004794204133	0.000302230474	0.000443894416	1044.977252116360	-0.000070536432	-0.000154043065	-0.000000063914	0.000000012813	-0.000013417458	0.000040419888	-0.000000179347	0.000000096256
215383304.000000000000	96.044997000000	9.750400000000	0.000538449432	0.000005109920	-0.000151654875	0.000074282061	0.004886055440	300.000000000000	0.002290364081	0.004876821285	0.000300141983	0.000444670441	1049.704131378365	-0.000070674711	-0.000153374896	0.000000364199	-0.000000323116	-0.000013544488	0.000040572052	-0.000000069386	0.000000273677
215383656.000000000000	96.044997000000	9.800300000000	0.000526264994	0.000006895536	-0.000150298281	0.000073535399	0.004952431741	300.000000000000	0.002290418271	0.004929397474	0.000297111925	0.000443631783	1054.448170687308	-0.000069955788	-0.000151997675	0.000000099677	-0.000000037217	-0.000013654703	0.000040679874	0.000000223005	0.000000000964
215383997.000000000000	96.044997000000	9.851100000000	0.000522260041	0.000008103208	-0.000150573886	0.000073346223	0.005020804388	300.000000000000	0.002291370460	0.005011120684	0.000295191072	0.000441729091	1059.275857674793	-0.000069763223	-0.000152267541	-0.000000263396	0.000000108232	-0.000013724295	0.000040925202	0.000000306481	0.000000150933
215384311.000000000000	96.044997000000	9.900100000000	0.000507363349	0.000005590774	-0.000150811130	0.000073687975	0.005077074737	300.000000000000	0.002289318995	0.005077003654	0.000296856975	0.000441557961	1063.930653098652	-0.000070099785	-0.000152514566	0.000000140466	-0.000000011076	-0.000013438555	0.000041209600	0.000000010546	0.000000167707
215384672.000000000000	96.044997000000	9.950800000000	0.000488999309	0.000002952186	-0.000149446089	0.000073726356	0.005171956431	300.000000000000	0.002289698323	0.005158576372	0.000296207378	0.000441891141	1068.745047938059	-0.000070174773	-0.000151147780	-0.000000149712	-0.000000013379	-0.000013669986	0.000041436339	-0.000000040823	0.000000013602
215384982.000000000000	96.044997000000	10.000800000000	0.000480283127	0.000001095809	-0.000150133504	0.000073542145	0.005233243453	300.000000000000	0.002287948772	0.005229965222	0.000296091428	0.000441391021	1073.491085725660	-0.000069965666	-0.000151831153	0.000000113166	0.000000174591	-0.000013905596	0.000041632315	-0.000000258007	-0.000000074230
215385298.000000000000	96.044997000000	10.050700000000	0.000471416475	0.000003867989	-0.000149775601	0.000073318862	0.005304696772	300.000000000000	0.002290023461	0.005290137976	0.000295755453	0.000440364936	1078.225764005485	-0.000069756624	-0.000151468551	0.000000391661	-0.000000153700	-0.000013765075	0.000041900308	0.000000114719	0.000000416542
215385663.000000000000	96.044997000000	10.100400000000	0.000450869805	0.000005683888	-0.000149517362	0.000073118580	0.005366984549	300.000000000000	0.002291029840	0.005356200075	0.000294257188	0.000440016389	1082.939611217809	-0.000069561043	-0.000151205870	-0.000000171820	0.000000250811	-0.000013941997	0.000041994579	0.000000100550	0.000000409710
215386035.000000000000	96.044997000000	10.151100000000	0.000423496399	0.000004011367	-0.000149303919	0.000073245853	0.005423872483	300.000000000000	0.002291173055	0.005410148878	0.000293049496	0.000440533971	1087.746397504712	-0.000069694839	-0.000150994425	0.000000267616	-0.000000321712	-0.000013635041	0.000042349375	0.000000063277	0.000000107666
215386373.000000000000	96.044997000000	10.200500000000	0.000394040458	0.000005281531	-0.000149115959	0.000072827394	0.005462078139	300.000000000000	0.002290015719	0.005450488455	0.000291626668	0.000439665047	1092.428080328065	-0.000069281034	-0.000150795303	0.000000003096	-0.000000059059	-0.000014023908	0.000042253456	-0.000000137906	0.000000008176
215386701.000000000000	96.044997000000	10.250800000000	0.000371341523	0.000004138525	-0.000148349807	0.000072790577	0.005519946250	300.000000000000	0.002291730434	0.005507800894	0.000290669035	0.000440245494	1097.193178187823	-0.000069263322	-0.000150029048	-0.000000033743	0.000000145263	-0.000013812588	0.000042421031	-0.000000045992	-0.000000208131
215387075.000000000000	96.044997000000	10.300600000000	0.000349352437	0.000005007167	-0.000149206968	0.000072936537	0.005596671886	300.000000000000	0.002289558978	0.005577286083	0.000290114433	0.000440259464	1101.909041670526	-0.000069388444	-0.000150884985	0.000000003338	0.000000200466	-0.000014032104	0.000042885561	0.000000238310	0.000000021133
215387397.000000000000	96.044997000000	10.350600000000	0.000344860536	0.000003323900	-0.000149012149	0.000072825909	0.005675810013	300.000000000000	0.002289493176	0.005663352825	0.000289164484	0.000441442709	1106.641974853983	-0.000069282004	-0.000150689203	0.000000049588	0.000000274330	-0.000014319400	0.000043133234	-0.000000198317	0.000000202975
215387703.000000000000	96.044997000000	10.401100000000	0.000338754801	0.000003041065	-0.000149001879	0.000073015565	0.005762515114	300.000000000000	0.002290956297	0.005740152739	0.000288814539	0.000443786150	1111.420335891386	-0.000069464912	-0.000150690516	0.000000067708	-0.000000003722	-0.000014603441	0.000043237705	0.000000080753	-0.000000068343
215388076.000000000000	96.044997000000	10.451100000000	0.000339555349	0.000004198061	-0.000148278011	0.000072777114	0.005865824683	300.000000000000	0.002289593814	0.005852001365	0.000288118841	0.000442424091	1116.149503745346	-0.000069253112	-0.000149959094	-0.000000347293	-0.000000679670	-0.000014314145	0.000043200464	0.000000173115	0.000000067379
215388460.000000000000	96.044997000000	10.500000000000	0.000352614320	0.000000475431	-0.000148109891	0.000072045621	0.005939821983	300.000000000000	0.002291343366	0.005930794132	0.000286662485	0.000438745134	1120.772817937102	-0.000068525644	-0.000149767432	-0.000000065212	-0.000000069899	-0.000014366441	0.000043384858	0.000000088758	0.000000274472
215388848.000000000000	96.044997000000	10.551100000000	0.000358344458	0.000001669855	-0.000148173197	0.000072047983	0.006022220803	300.000000000000	0.002290878883	0.006005159251	0.000284851296	0.000437846873	1125.602219421415	-0.000068526278	-0.000149836661	0.000000149188	-0.000000129860	-0.000014502541	0.000043729800	-0.000000133128	-0.000000103503
215389218.000000000000	96.044997000000	10.600300000000	0.000352102051	0.000003887850	-0.000147932733	0.000072515593	0.006105049193	300.000000000000	0.002288978375	0.006087547910	0.000286161667	0.000439741882	1130.250205182549	-0.000068996362	-0.000149606773	0.000000217859	-0.000000126568	-0.000014293804	0.000044047204	0.000000007100	0.000000059817
215389510.000000000000	96.044997000000	10.650300000000	0.000358808912	0.000000978601	-0.000148113176	0.000072916105	0.006220074456	300.000000000000	0.002289566719	0.006191800981	0.000284495065	0.000439332565	1134.971909535903	-0.000069392096	-0.000149790587	-0.000000186344	0.000000013872	-0.000014272410	0.000044458296	0.000000329315	-0.000000120457
215389880.000000000000	96.044997000000	10.700700000000	0.000362807461	0.000001270870	-0.000148199112	0.000072632494	0.006321205563	300.000000000000	0.002290507297	0.006301721142	0.000283346744	0.000440390082	1139.729491566570	-0.000069108249	-0.000149876471	-0.000000102881	0.000000299071	-0.000014652719	0.000044342101	0.000000098869	-0.000000248571
215390221.000000000000	96.044997000000	10.750700000000	0.000366439564	0.000002795795	-0.000147650485	0.000072294712	0.006447924187	300.000000000000	0.002291831072	0.006431406910	0.000283329282	0.000440149801	1144.447434083762	-0.000068782495	-0.000149317394	0.000000090297	0.000000170255	-0.000014756125	0.000044486951	0.000000160240	-0.000000050549
215390559.000000000000	96.044997000000	10.800400000000	0.000367025083	0.000001459309	-0.000147175763	0.000072005097	0.006592742417	300.000000000000	0.002291579478	0.006568416291	0.000282794237	0.000439224998	1149.135212327161	-0.000068509002	-0.000148842454	-0.000000361262	0.000000097117	-0.000014531546	0.000044342072	-0.000000268332	-0.000000169306
215390988.000000000000	96.044997000000	10.850700000000	0.000374154684	0.000000616444	-0.000147909333	0.000072361929	0.006714069305	300.000000000000	0.002289694452	0.006706518454	0.000281885499	0.000437881099	1153.877698768169	-0.000068846059	-0.000149581078	-0.000000126646	-0.000000219953	-0.000014728019	0.000044559050	-0.000000143929	-0.000000035415
215391317.000000000000	96.044997000000	10.900800000000	0.000368953734	0.000004093973	-0.000147208722	0.000071729887	0.006807967455	300.000000000000	0.002291049193	0.006800301737	0.000282362569	0.000439109746	1158.599443680347	-0.000068228200	-0.000148861398	-0.000000081860	-0.000000074022	-0.000014956784	0.000044166539	0.000000097461	-0.000000250125
215391661.000000000000	96.044997000000	10.951000000000	0.000374870887	0.000005116950	-0.000148285578	0.000072605315	0.006902495123	300.000000000000	0.002291084029	0.006897916279	0.000283089699	0.000440690434	1163.328726619757	-0.000069076027	-0.000149960112	0.000000220780	0.000000131344	-0.000014254115	0.000044773255	-0.000000254380	-0.000000079285
215391977.000000000000	96.044997000000	11.000700000000	0.000389967629	0.000003144574	-0.000147496147	0.000072344187	0.006986344697	300.000000000000	0.002291509805	0.006987932068	0.000282353489	0.000442140503	1168.009044767528	-0.000068836457	-0.000149165722	-0.000000064561	0.000000062536	-0.000014712179	0.000044689444	0.000000121671	-0.000000078832
215392319.000000000000	96.044997000000	11.051000000000	0.000416679875	0.000000475025	-0.000147517393	0.000072360629	0.007067527099	300.000000000000	0.002290004107	0.007042514138	0.000283610076	0.000442355638	1172.743981021358	-0.000068851440	-0.000149190133	0.000000193160	-0.000000032888	-0.000014580482	0.000044188819	0.000000071350	-0.000000272433
215392668.000000000000	96.044997000000	11.100600000000	0.000434479709	0.000001140761	-0.000147486211	0.000072661797	0.007164852711	300.000000000000	0.002290282797	0.007160501279	0.000282763503	0.000441711629	1177.411166885786	-0.000069157034	-0.000149159973	-0.000000207498	0.000000176924	-0.000014992836	0.000044693407	-0.000000043203	0.000000185207
215392988.000000000000	96.044997000000	11.151100000000	0.000449403633	0.000004684862	-0.000147886449	0.000072133794	0.007273263015	300.000000000000	0.002291335624	0.007248451000	0.000282997498	0.000441958895	1182.161145471422	-0.000068617175	-0.000149549327	0.000000132970	-0.000000099177	-0.000014874944	0.000044754292	0.000000108802	0.000000270600
215393351.000000000000	96.044997000000	11.200600000000	0.000465239722	0.000004558528	-0.000148037913	0.000072438168	0.007351864214	300.000000000000	0.002290724055	0.007339780871	0.000281738816	0.000441452488	1186.815210318757	-0.000068914634	-0.000149704033	-0.000000269324	0.000000085941	-0.000014596420	0.000044142620	0.000000160144	0.000000288683
215393756.000000000000	96.044997000000	11.250600000000	0.000501486086	0.000001689959	-0.000147991414	0.000072405694	0.007460215693	300.000000000000	0.002289613168	0.007440940976	0.000282366062	0.000443293015	1191.514421800637	-0.000068887123	-0.000149662943	0.000000142930	-0.000000037535	-0.000015172431	0.000044310570	0.000000556638	-0.000000003326
215394142.000000000000	96.044997000000	11.300200000000	0.000542879674	0.000002678884	-0.000148397764	0.000072226044	0.007529715071	300.000000000000	0.002289566719	0.007518724700	0.000284528593	0.000444345642	1196.174188527726	-0.000068695669	-0.000150065002	0.000000110010	-0.000000201444	-0.000014974175	0.000044210405	-0.000000058716	0.000000021830
215394503.000000000000	96.044997000000	11.351000000000	0.000613071900	0.000002508204	-0.000148298142	0.000072467713	0.007570811685	300.000000000000	0.002289663487	0.007560009056	0.000284767477	0.000442270422	1200.944780478272	-0.000068943574	-0.000149965324	0.000000212345	-0.000000023468	-0.000015071394	0.000043820121	-0.000000073054	0.000000043572
215394809.000000000000	96.044997000000	11.400500000000	0.000701785212	0.000004059878	-0.000148049268	0.000072837160	0.007622300338	300.000000000000	0.002289086754	0.007595321001	0.000284017297	0.000442778924	1205.591430050683	-0.000069318244	-0.000149724783	0.000000077937	-0.000000081478	-0.000014797223	0.000043788622	-0.000000117479	0.000000093951
215395134.000000000000	96.044997000000	11.451100000000	0.000938102418	0.000005876024	-0.000148576510	0.000072463849	0.007634565157	300.000000000000	0.002288312616	0.007620434876	0.000283045694	0.000443610130	1210.339440663369	-0.000068937148	-0.000150252699	-0.000000353732	-0.000000347777	-0.000015429122	0.000044049607	-0.000000228435	0.000000007981
215395506.000000000000	96.044997000000	11.500900000000	0.001198843353	0.000007537133	-0.000147941797	0.000072179642	0.007697043401	300.000000000000	0.002289291901	0.007668023667	0.000285387039	0.000443067402	1215.010510494169	-0.000068666397	-0.000149602747	0.000000153821	0.000000210897	-0.000015200276	0.000043651571	0.000000017280	-0.000000063331
215395888.000000000000	96.044997000000	11.550100000000	0.001299481834	0.000003401404	-0.000148156625	0.000072784797	0.007743060833	300.000000000000	0.002288622271	0.007724442313	0.000286191003	0.000443369849	1219.623477347383	-0.000069258968	-0.000149833453	0.000000069196	0.000000146738	-0.000015459241	0.000044009949	0.000000106889	0.000000192499
215396252.000000000000	96.044997000000	11.601400000000	0.001103551318	0.000005844878	-0.000148359049	0.000072121516	0.007837916977	300.000000000000	0.002289048047	0.007824108879	0.000284995884	0.000442630844	1224.431407384949	-0.000068592824	-0.000150026595	-0.000000257665	-0.000000262122	-0.000015239228	0.000044005945	0.000000198215	0.000000163963
215396610.000000000000	96.044997000000	11.650600000000	0.000908159142	0.000005610564	-0.000149078590	0.000072587304	0.007900656402	300.000000000000	0.002288386159	0.007867602087	0.000285737682	0.000441790558	1229.040668924181	-0.000069041743	-0.000150751558	-0.000000069095	0.000000011690	-0.000014980354	0.000044168860	0.000000106579	-0.000000107980
215396975.000000000000	96.044997000000	11.701000000000	0.000805252839	0.000007157992	-0.000148998252	0.000072793714	0.007984789876	300.000000000000	0.002288730651	0.007977125161	0.000285882270	0.000442218734	1233.760470655137	-0.000069254549	-0.000150674565	-0.000000012441	-0.000000168763	-0.000015050131	0.000044296330	-0.000000130139	-0.000000051211
215397311.000000000000	96.044997000000	11.750300000000	0.000745877328	0.000004889681	-0.000149313544	0.000072825433	0.008054296216	300.000000000000	0.002288645496	0.008052278778	0.000286076451	0.000443107216	1238.375419240980	-0.000069272485	-0.000150995396	-0.000000086885	0.000000279995	-0.000015387433	0.000044537087	0.000000098583	-0.000000143876
215397613.000000000000	96.044997000000	11.800600000000	0.000689089825	0.000005097036	-0.000148166807	0.000072754402	0.008112017580	300.000000000000	0.002288773228	0.008111942756	0.000287658535	0.000441175885	1243.082100283633	-0.000069231406	-0.000149851282	-0.000000299390	0.000000047101	-0.000014932077	0.000043610898	-0.000000072711	-0.000000142530
215397928.000000000000	96.044997000000	11.850600000000	0.000696402762	0.000004422814	-0.000148622851	0.000073073796	0.008183548229	300.000000000000	0.002288498409	0.008161805942	0.000288141193	0.000441956799	1247.758830727169	-0.000069538543	-0.000150309505	0.000000178293	0.000000050792	-0.000014908071	0.000043521939	0.000000243868	0.000000126353
215398256.000000000000	96.044997000000	11.901000000000	0.000783650266	0.000005182804	-0.000148124171	0.000072694495	0.008258506999	300.000000000000	0.002289853150	0.008238475848	0.000286572380	0.000441981945	1252.471079177232	-0.000069169175	-0.000149802505	0.000000142731	-0.000000043799	-0.000015082834	0.000043573470	0.000000061368	-0.000000138961
215398575.000000000000	96.044997000000	11.950800000000	0.000878466755	0.000004217667	-0.000148742867	0.000073402356	0.008337263925	300.000000000000	0.002290735667	0.008324005211	0.000284842914	0.000443591271	1257.125359922456	-0.000069862581	-0.000150435832	0.000000127860	-0.000000126159	-0.000014934198	0.000043687892	0.000000100497	-0.000000008639
215398907.000000000000	96.044997000000	12.000800000000	0.000848475887	0.000005456810	-0.000149526521	0.000073129470	0.008435591980	300.000000000000	0.002291517546	0.008413660813	0.000285425456	0.000443688361	1261.796463062892	-0.000069577568	-0.000151212654	0.000000422892	0.000000112079	-0.000015006735	0.000043917845	-0.000000230581	0.000000039697
215399216.000000000000	96.044997000000	12.051100000000	0.000730810513	0.000004031273	-0.000148913657	0.000072580561	0.008530251282	300.000000000000	0.002291037581	0.008521986376	0.000286883209	0.000443134457	1266.493702718150	-0.000069042996	-0.000150589987	-0.000000309142	0.000000167255	-0.000015045965	0.000043638768	0.000000129711	0.000000183116
215399514.000000000000	96.044997000000	12.100100000000	0.000611420518	0.000000805167	-0.000148019053	0.000072661218	0.008624307087	300.000000000000	0.002292055572	0.008589474840	0.000287638279	0.000442888588	1271.067719675528	-0.000069138050	-0.000149694427	-0.000000134710	-0.000000160718	-0.000014560081	0.000042895452	0.000000006380	0.000000128151
215399877.000000000000	96.044997000000	12.150900000000	0.000554179127	0.000002545814	-0.000149009586	0.000073153476	0.008664007006	300.000000000000	0.002292252977	0.008646589635	0.000285628717	0.000442164950	1275.807862435944	-0.000069611207	-0.000150696590	-0.000000151439	-0.000000235345	-0.000014256172	0.000042826346	0.000000338224	-0.000000119325
215400242.000000000000	96.044997000000	12.200900000000	0.000531892826	0.000001966593	-0.000149257056	0.000073128854	0.008735133721	300.000000000000	0.002292043960	0.008731949317	0.000286978902	0.000442542136	1280.471469183907	-0.000069580782	-0.000150947134	0.000000128225	-0.000000222610	-0.000013881026	0.000042774365	-0.000000233076	-0.000000367217
215400560.000000000000	96.044997000000	12.249900000000	0.000539329464	0.000000679494	-0.000149654426	0.000073461008	0.008813561650	300.000000000000	0.002289528013	0.008760664928	0.000290574739	0.000442466699	1285.039986541595	-0.000069905988	-0.000151349457	0.000000137280	0.000000006347	-0.000014097292	0.000042389098	-0.000000025239	0.000000176736
215400885.000000000000	96.044997000000	12.301200000000	0.000547886438	0.000003011349	-0.000149477951	0.000073559544	0.008824288448	300.000000000000	0.002290863400	0.008811781501	0.000292667421	0.000443223165	1289.821017012024	-0.000070004744	-0.000151176792	0.000000663536	0.000000148837	-0.000014148703	0.000042011435	0.000000271632	0.000000056759
215401244.000000000000	96.044997000000	12.350500000000	0.000572436293	-0.000003379330	-0.000149719821	0.000073670421	0.008911544341	300.000000000000	0.002290201512	0.008885421251	0.000291403150	0.000441981945	1294.413794680318	-0.000070112483	-0.000151418449	0.000000108077	0.000000067288	-0.000014246333	0.000041787309	0.000000300912	0.000000148233
215401583.000000000000	96.044997000000	12.400900000000	0.000568553880	0.000000292303	-0.000150034977	0.000073648216	0.009004008833	300.000000000000	0.002290333116	0.008975573430	0.000290905824	0.000442190096	1299.107165847636	-0.000070082466	-0.000151738397	0.000000115248	0.000000055339	-0.000014103009	0.000041409859	-0.000000227475	-0.000000098137
215401926.000000000000	96.044997000000	12.450900000000	0.000569210233	0.000002939786	-0.000150279804	0.000073641043	0.009086732867	300.000000000000	0.002284883186	0.009070687575	0.000292070908	0.000443415949	1303.761407639133	-0.000070072108	-0.000151978448	-0.000000064155	-0.000000109547	-0.000013858548	0.000041153881	0.000000150733	-0.000000235103
215402236.000000000000	96.044997000000	12.500900000000	0.000576167000	0.000002457955	-0.000149990827	0.000073651872	0.009151465113	300.000000000000	0.002289102237	0.009140657944	0.000293420395	0.000443827361	1308.413776569840	-0.000070082959	-0.000151689784	0.000000019571	0.000000099549	-0.000013846988	0.000040944447	0.000000094480	-0.000000134863
215402563.000000000000	96.044997000000	12.550200000000	0.000584925148	0.000002696657	-0.000150551036	0.000073728232	0.009220515168	300.000000000000	0.002290275055	0.009198509291	0.000296157785	0.000441834563	1312.999178667493	-0.000070146323	-0.000152263162	-0.000000032836	-0.000000011927	-0.000013501304	0.000040449240	-0.000000120562	0.000000111889
215402893.000000000000	96.044997000000	12.601200000000	0.000613450827	0.000001915582	-0.000151345583	0.000074060731	0.009253171731	300.000000000000	0.002289810573	0.009229358629	0.000298052793	0.000441588694	1317.740782128571	-0.000070463361	-0.000153053716	-0.000000274873	-0.000000180209	-0.000013444319	0.000040288604	-0.000000140903	-0.000000074184
215403251.000000000000	96.044997000000	12.650900000000	0.000657465286	0.000003688489	-0.000150889855	0.000073784868	0.009256879116	300.000000000000	0.002290000237	0.009244620309	0.000299871666	0.000441803131	1322.359646680119	-0.000070193786	-0.000152594528	-0.000000269627	-0.000000026391	-0.000013571703	0.000039893048	-0.000000241595	-0.000000102306
215403540.000000000000	96.044997000000	12.700100000000	0.000694867153	0.000002895563	-0.000150620953	0.000074071130	0.009278459139	300.000000000000	0.002289531883	0.009255952452	0.000300159445	0.000441319076	1326.930221352637	-0.000070488906	-0.000152330391	-0.000000123615	-0.000000116123	-0.000013294631	0.000039582137	0.000000000208	0.000000164710
215403849.000000000000	96.044997000000	12.751500000000	0.000720804099	-0.000000155278	-0.000151570539	0.000074006688	0.009258444597	300.000000000000	0.002285672807	0.009245735475	0.000300811836	0.000441206619	1331.703234725372	-0.000070399486	-0.000153277681	0.000000426719	0.000000076943	-0.000013568226	0.000039321578	0.000000126907	-0.000000262520
215404195.000000000000	96.044997000000	12.800000000000	0.000713045613	0.000002723942	-0.000151187101	0.000073581657	0.009292317332	300.000000000000	0.002288022315	0.009269390337	0.000300005777	0.000440663192	1336.205139010926	-0.000069982892	-0.000152881383	0.000000118875	0.000000180249	-0.000013434826	0.000039267446	-0.000000259213	0.000000063932
215404516.000000000000	96.044997000000	12.851300000000	0.000741895982	-0.000001734461	-0.000151918016	0.000074210001	0.009331641179	300.000000000000	0.002287329461	0.009317714845	0.000300482847	0.000440950273	1340.965029713261	-0.000070597545	-0.000153630337	-0.000000123095	0.000000156023	-0.000013167060	0.000039063831	0.000000106696	0.000000000119
215404822.000000000000	96.044997000000	12.900600000000	0.000789507926	-0.000000454538	-0.000152435614	0.000074692871	0.009360706292	300.000000000000	0.002287952642	0.009354684894	0.000303973909	0.000441475539	1345.537492330250	-0.000071070358	-0.000154164361	0.000000255081	-0.000000180154	-0.000013377307	0.000038691891	0.000000046468	-0.000000109001
215405173.000000000000	96.044997000000	12.951000000000	0.000856151586	-0.000000380484	-0.000152196605	0.000074305869	0.009369849075	300.000000000000	0.002286744987	0.009344892243	0.000304866582	0.000441654352	1350.210095749529	-0.000070690621	-0.000153909253	-0.000000053760	-0.000000264103	-0.000013379581	0.000038647299	0.000000075738	0.000000075953
215405520.000000000000	96.044997000000	13.000500000000	0.000937932803	-0.000000710595	-0.000151916365	0.000074372213	0.009363395322	300.000000000000	0.002287701047	0.009358033077	0.000305750174	0.000441446900	1354.797408087656	-0.000070758774	-0.000153630464	0.000000055995	-0.000000197879	-0.000013013554	0.000037916079	0.000000052107	0.000000092251
215405829.000000000000	96.044997000000	13.050700000000	0.001079794508	0.000001091651	-0.000152524936	0.000074595295	0.009347454304	300.000000000000	0.002287403004	0.009330563346	0.000306916656	0.000440216856	1359.447717412684	-0.000070968403	-0.000154240422	-0.000000011034	0.000000100500	-0.000013167003	0.000037454435	-0.000000192174	0.000000261078
215406149.000000000000	96.044997000000	13.100700000000	0.001380548556	0.000000049026	-0.000152732438	0.000075101156	0.009325780448	300.000000000000	0.002284972212	0.009307542669	0.000308447750	0.000440157484	1364.077623683350	-0.000071469021	-0.000154467090	-0.000000281905	-0.000000015845	-0.000013291189	0.000037300501	0.000000464745	0.000000269653
215406520.000000000000	96.044997000000	13.150800000000	0.001928669567	0.000001139143	-0.000153854715	0.000075137788	0.009299627044	300.000000000000	0.002289032564	0.009280890194	0.000309097348	0.000440568896	1368.714912032845	-0.000071478106	-0.000155590203	0.000000072796	0.000000194499	-0.000014086701	0.000036685405	0.000000104855	0.000000372865
215406862.000000000000	96.044997000000	13.200600000000	0.002419499360	-0.000000229801	-0.000154398689	0.000075761674	0.009287124073	300.000000000000	0.002286744987	0.009269364405	0.000308488961	0.000442651100	1373.322569496786	-0.000072087707	-0.000156151559	0.000000062425	-0.000000295210	-0.000014486879	0.000037160879	-0.000000055837	0.000000083863
215407205.000000000000	96.044997000000	13.250800000000	0.002656644935	0.000002505039	-0.000155650376	0.000076368589	0.009291427478	300.000000000000	0.002285107686	0.009261133738	0.000312512973	0.000444361009	1377.965356795939	-0.000072667539	-0.000157413447	0.000000154184	0.000000045105	-0.000014457790	0.000036495884	0.000000076193	0.000000336242
215407528.000000000000	96.044997000000	13.300200000000	0.002492290823	0.000002165446	-0.000154751039	0.000075972629	0.009288378184	300.000000000000	0.002285870212	0.009282888167	0.000313539756	0.000448088860	1382.532313411748	-0.000072295452	-0.000156498942	0.000000023881	0.000000285085	-0.000014301433	0.000036182479	-0.000000002720	0.000000001484
215407871.000000000000	96.044997000000	13.351500000000	0.001991579844	0.000004795582	-0.000155044579	0.000075780814	0.009340773144	300.000000000000	0.002285839246	0.009323634057	0.000313169556	0.000449673738	1387.272988266866	-0.000072093453	-0.000156795896	0.000000343240	0.000000178062	-0.000013998146	0.000036165322	0.000000192948	-0.000000438099
215408183.000000000000	96.044997000000	13.400300000000	0.001462196612	0.000002074109	-0.000154087722	0.000075712827	0.009356232498	300.000000000000	0.002286121807	0.009327511247	0.000313624274	0.000448051142	1391.780807425623	-0.000072050858	-0.000155838310	-0.000000239179	-0.000000263074	-0.000013680820	0.000036123623	0.000000220647	0.000000462705
215408499.000000000000	96.044997000000	13.451200000000	0.000998787362	0.000002850057	-0.000154677940	0.000075603718	0.009319213714	300.000000000000	0.002285022531	0.009294103983	0.000314804027	0.000444426667	1396.480710957452	-0.000071926700	-0.000156422640	-0.000000171461	-0.000000033466	-0.000012259585	0.000035754613	-0.000000086441	-0.000000053128
215408843.000000000000	96.044997000000	13.500800000000	0.000774395421	0.000003901883	-0.000154086830	0.000075110614	0.009250582178	300.000000000000	0.002286915298	0.009232666199	0.000315431273	0.000442624558	1401.058711754496	-0.000071447063	-0.000155820695	0.000000409999	0.000000056172	-0.000011973728	0.000035345094	0.000000332448	-0.000000038387
215409163.000000000000	96.044997000000	13.550100000000	0.000690532554	0.000001817344	-0.000154800253	0.000075173456	0.009237670805	300.000000000000	0.002288467444	0.009217767755	0.000315126730	0.000440957956	1405.607198015141	-0.000071489912	-0.000156536742	0.000000080695	0.000000071704	-0.000012016150	0.000035049447	-0.000000157595	-0.000000103564
215409528.000000000000	96.044997000000	13.601300000000	0.000632906195	0.000003729495	-0.000154692314	0.000075755460	0.009238296331	300.000000000000	0.002288150047	0.009222614018	0.000315805664	0.000440883217	1410.329054977470	-0.000072075429	-0.000156439291	-0.000000055190	0.000000193331	-0.000011703002	0.000035140886	-0.000000196089	0.000000128910
215409859.000000000000	96.044997000000	13.650700000000	0.000605552530	0.000000711126	-0.000155068815	0.000075648586	0.009218371629	300.000000000000	0.002289257064	0.009218058130	0.000318765873	0.000439889962	1414.883049169583	-0.000071967122	-0.000156818253	-0.000000174522	-0.000000203654	-0.000011946507	0.000035009905	-0.000000105832	-0.000000044061
215410195.000000000000	96.044997000000	13.700800000000	0.000582792812	0.000002869309	-0.000154816678	0.000075809967	0.009250812236	300.000000000000	0.002289284159	0.009233862089	0.000319581013	0.000439675525	1419.499708012812	-0.000072132542	-0.000156566555	0.000000238638	-0.000000139318	-0.000011601148	0.000034477257	0.000000343167	-0.000000041804
215410549.000000000000	96.044997000000	13.750500000000	0.000583211671	0.000002042354	-0.000155764381	0.000076581710	0.009279670219	300.000000000000	0.002288618401	0.009251356174	0.000320583349	0.000438749325	1424.077651074414	-0.000072877719	-0.000157535581	0.000000181218	-0.000000167641	-0.000011826687	0.000034469190	0.000000085485	0.000000118609
215410856.000000000000	96.044997000000	13.800500000000	0.000608802424	-0.000000731048	-0.000155380181	0.000076119814	0.009260750392	300.000000000000	0.002284627721	0.009234731775	0.000322267413	0.000440543052	1428.681362119920	-0.000072422514	-0.000157133595	-0.000000080299	0.000000056823	-0.000011737438	0.000034472702	-0.000000032125	-0.000000203494
215411221.000000000000	96.044997000000	13.850800000000	0.000653659139	-0.000002318959	-0.000155416826	0.000076114227	0.009244001298	300.000000000000	0.002288208108	0.009212380064	0.000325217145	0.000440892298	1433.310807560725	-0.000072417031	-0.000157173784	-0.000000395576	-0.000000269855	-0.000011232451	0.000033444304	-0.000000112418	0.000000549579
215411580.000000000000	96.044997000000	13.900400000000	0.000714548043	-0.000001846993	-0.000156174086	0.000076255925	0.009195412140	300.000000000000	0.002288428737	0.009186778894	0.000327017158	0.000438500661	1437.873973236043	-0.000072547641	-0.000157934921	-0.000000094687	-0.000000034206	-0.000011364275	0.000033300752	-0.000000107126	-0.000000131421
215412015.000000000000	96.044997000000	13.951500000000	0.000812266201	-0.000002890966	-0.000156883137	0.000076659091	0.009132507249	300.000000000000	0.002288568082	0.009118204928	0.000327700982	0.000438712304	1442.573212519048	-0.000072925656	-0.000158648560	-0.000000224414	0.000000179584	-0.000011535506	0.000032978525	0.000000100949	0.000000140466
215412409.000000000000	96.044997000000	14.000000000000	0.000956268415	0.000001269688	-0.000156808348	0.000076917502	0.009076282331	300.000000000000	0.002289346090	0.009037409769	0.000326208305	0.000439050375	1447.031544226345	-0.000073187929	-0.000158583481	0.000000197695	-0.000000022128	-0.000011812149	0.000032540517	0.000000186572	-0.000000118219
215412766.000000000000	96.044997000000	14.051300000000	0.001327770656	-0.000003550154	-0.000157735709	0.000077326430	0.009010337866	300.000000000000	0.002289102237	0.009009121866	0.000325818546	0.000442084624	1451.745348737284	-0.000073577346	-0.000159519382	0.000000179781	-0.000000013833	-0.000011783841	0.000032182820	0.000000172225	0.000000139773
215413082.000000000000	96.044997000000	14.100600000000	0.001832437692	-0.000002872160	-0.000158377754	0.000077865742	0.008959488392	300.000000000000	0.002289241582	0.008946803044	0.000327436952	0.000444186386	1456.273523791071	-0.000074099685	-0.000160176653	0.000000172182	0.000000091116	-0.000012249062	0.000031771721	0.000000054029	0.000000134015
215413464.000000000000	96.044997000000	14.151000000000	0.002306727976	0.000000090075	-0.000158769176	0.000077535827	0.008912434924	300.000000000000	0.002287797815	0.008897269126	0.000330088427	0.000445181038	1460.900853446394	-0.000073764871	-0.000160560855	-0.000000002657	-0.000000000681	-0.000012267609	0.000031098661	0.000000079393	0.000000099775
215413809.000000000000	96.044997000000	14.200800000000	0.002439712015	-0.000001348589	-0.000159598712	0.000078116452	0.008850589551	300.000000000000	0.002287762979	0.008828976197	0.000333268661	0.000446052058	1465.471229277420	-0.000074321509	-0.000161404431	0.000000202534	-0.000000016145	-0.000012473226	0.000031361254	0.000000144680	-0.000000016822
215414187.000000000000	96.044997000000	14.250400000000	0.002332936507	0.000001021791	-0.000157597301	0.000077247870	0.008797718075	300.000000000000	0.002287910065	0.008779956189	0.000334013253	0.000444412697	1470.021406059363	-0.000073496625	-0.000159378655	-0.000000092425	-0.000000357826	-0.000012374901	0.000030791762	-0.000000292049	-0.000000125776
215414493.000000000000	96.044997000000	14.300800000000	0.002080280560	0.000002746776	-0.000158761591	0.000077048563	0.008684779765	300.000000000000	0.002287952642	0.008676881067	0.000333562726	0.000442771940	1474.643087713424	-0.000073272493	-0.000160542049	0.000000041420	0.000000006877	-0.000012101287	0.000031048166	-0.000000264928	-0.000000110132
215414825.000000000000	96.044997000000	14.351000000000	0.001703728343	0.000002773404	-0.000159889531	0.000077569058	0.008611974327	300.000000000000	0.002289175780	0.008600969141	0.000335503137	0.000442572869	1479.244540607051	-0.000073767207	-0.000161680357	0.000000350882	-0.000000166391	-0.000011663289	0.000030631707	-0.000000589825	-0.000000059018
215415162.000000000000	96.044997000000	14.400600000000	0.001331390175	0.000004190413	-0.000158967676	0.000077777754	0.008508017659	300.000000000000	0.002289884116	0.008510124336	0.000339066843	0.000444295350	1483.789144823650	-0.000073999518	-0.000160762736	0.000000189444	0.000000169697	-0.000011184936	0.000030230541	-0.000000081768	0.000000180972
215415473.000000000000	96.044997000000	14.451100000000	0.001104649860	0.000001447349	-0.000158891052	0.000077287996	0.008457484135	300.000000000000	0.002288726780	0.008435775214	0.000339397229	0.000442673452	1488.414321238533	-0.000073508661	-0.000160669838	-0.000000392685	0.000000161216	-0.000011059521	0.000030108277	-0.000000225540	0.000000040016
215415805.000000000000	96.044997000000	14.500600000000	0.000962979011	0.000002473703	-0.000159249331	0.000077613375	0.008395577942	300.000000000000	0.002288165530	0.008375726645	0.000336996512	0.000441513956	1492.946059017046	-0.000073824548	-0.000161035866	0.000000054905	-0.000000067955	-0.000010928379	0.000029790828	0.000000026472	0.000000115873
215416167.000000000000	96.044997000000	14.550400000000	0.000951792293	0.000003298067	-0.000159617177	0.000077907915	0.008370980372	300.000000000000	0.002290023461	0.008339818888	0.000339070335	0.000440865057	1497.503412816615	-0.000074107644	-0.000161412507	-0.000000016782	-0.000000305861	-0.000010504286	0.000029529904	0.000000263135	-0.000000220229
215416481.000000000000	96.044997000000	14.600700000000	0.001064296011	0.000004571948	-0.000159497348	0.000077896752	0.008304856648	300.000000000000	0.002289048047	0.008283423173	0.000340599334	0.000440870645	1502.104640627236	-0.000074104309	-0.000161290738	0.000000003111	-0.000000077163	-0.000010362734	0.000029052109	0.000000192273	0.000000026543
215416780.000000000000	96.044997000000	14.650700000000	0.001421235024	0.000004164464	-0.000160733065	0.000078318255	0.008230294304	300.000000000000	0.002290426012	0.008209912936	0.000345059903	0.000441738172	1506.676550778862	-0.000074494305	-0.000162541964	-0.000000088944	-0.000000035729	-0.000010694918	0.000028351478	0.000000392755	0.000000178552
215417181.000000000000	96.044997000000	14.700200000000	0.002080876500	0.000005788940	-0.000161168609	0.000078607426	0.008170685732	300.000000000000	0.002288115211	0.008165929643	0.000346386340	0.000443054130	1511.200900550240	-0.000074772391	-0.000162978528	0.000000051116	-0.000000050756	-0.000011095630	0.000027411729	-0.000000112804	-0.000000140012
215417542.000000000000	96.044997000000	14.750900000000	0.003130979813	0.000006452525	-0.000162168911	0.000078757692	0.008185979181	300.000000000000	0.002288297134	0.008163625122	0.000349368202	0.000442706281	1515.833032465156	-0.000074902715	-0.000163987791	-0.000000212959	0.000000019898	-0.000011777022	0.000026290362	-0.000000255734	0.000000231319
215417836.000000000000	96.044997000000	14.800200000000	0.003583053223	0.000005407898	-0.000162956852	0.000078904210	0.008104468323	300.000000000000	0.002288103599	0.008080873794	0.000350425020	0.000445067184	1520.335412592349	-0.000075031127	-0.000164779892	0.000000016359	0.000000362479	-0.000012215253	0.000026106829	-0.000000014254	-0.000000065580
215418176.000000000000	96.044997000000	14.851000000000	0.003194092429	0.000004395388	-0.000162894999	0.000079166705	0.008044680169	300.000000000000	0.002288490668	0.008023655357	0.000351888360	0.000445319340	1524.972881309042	-0.000075291246	-0.000164723167	-0.000000003407	-0.000000265060	-0.000012050433	0.000026617101	-0.000000017371	0.000000044322
215418495.000000000000	96.044997000000	14.900600000000	0.002353393697	0.000003633759	-0.000161553649	0.000078752929	0.007996751906	300.000000000000	0.002287975866	0.007981102123	0.000349901849	0.000447449740	1529.498942314896	-0.000074905220	-0.000163369222	0.000000039579	0.000000010687	-0.000011488393	0.000026646014	0.000000152720	0.000000009082
215418825.000000000000	96.044997000000	14.951300000000	0.001649653458	0.000005368839	-0.000160552670	0.000078256580	0.007954041731	300.000000000000	0.002290019590	0.007936381723	0.000348294619	0.000443842728	1534.123479213784	-0.000074435033	-0.000162357057	0.000000118531	0.000000145348	-0.000010171337	0.000026834798	-0.000000017065	-0.000000142381
215419170.000000000000	96.044997000000	15.000700000000	0.001165528177	0.000002888065	-0.000160393753	0.000078094757	0.007909511004	300.000000000000	0.002289144814	0.007888724685	0.000348160509	0.000440850388	1538.627590330145	-0.000074279773	-0.000162196059	-0.000000120439	-0.000000118191	-0.000009919462	0.000026986566	-0.000000006795	-0.000000355559
215419503.000000000000	96.044997000000	15.050600000000	0.000901419100	0.000001305046	-0.000160507000	0.000078635725	0.007873533717	300.000000000000	0.002289744771	0.007855016744	0.000346350018	0.000438886229	1543.175438043310	-0.000074817682	-0.000162321169	-0.000000015126	-0.000000295737	-0.000009738598	0.000027260848	0.000000340222	0.000000056542
215419833.000000000000	96.044997000000	15.101300000000	0.000754804068	0.000002641368	-0.000161484375	0.000078712480	0.007832225677	300.000000000000	0.002290089262	0.007819741125	0.000346519751	0.000440189615	1547.794291388751	-0.000074869479	-0.000163298302	0.000000118769	-0.000000044377	-0.000009745933	0.000027626475	-0.000000137952	-0.000000035507
215420169.000000000000	96.044997000000	15.150400000000	0.000692603141	0.000003769238	-0.000161315545	0.000078378169	0.007802842939	300.000000000000	0.002289508659	0.007784426604	0.000346814515	0.000441004056	1552.265551296827	-0.000074538713	-0.000163126155	0.000000063565	-0.000000098656	-0.000009169547	0.000026862096	0.000000383653	-0.000000293394
215420476.000000000000	96.044997000000	15.201000000000	0.000688310340	0.000002579355	-0.000161162547	0.000078734643	0.007759684602	300.000000000000	0.002288920314	0.007729740159	0.000349499518	0.000440809876	1556.871523025906	-0.000074908570	-0.000162975383	-0.000000003972	0.000000175067	-0.000009401487	0.000026615023	-0.000000109801	-0.000000232716
215420828.000000000000	96.044997000000	15.250700000000	0.000726394276	0.000006294082	-0.000161542014	0.000078604075	0.007693823579	300.000000000000	0.002286528229	0.007678658759	0.000352048315	0.000439205440	1561.393708157548	-0.000074764550	-0.000163356234	-0.000000103443	-0.000000009176	-0.000009488693	0.000026374225	-0.000000412265	-0.000000033859
215421153.000000000000	96.044997000000	15.300300000000	0.000767328854	0.000003460900	-0.000162039163	0.000078781023	0.007655366871	300.000000000000	0.002287600410	0.007623444888	0.000352741219	0.000439830590	1565.904954534946	-0.000074928628	-0.000163860043	0.000000181129	-0.000000455259	-0.000009054787	0.000026108841	0.000000404033	-0.000000055024
215421507.000000000000	96.044997000000	15.351000000000	0.000760755177	0.000001214458	-0.000161092266	0.000078880429	0.007641913841	300.000000000000	0.002287809427	0.007617210845	0.000351821305	0.000438700430	1570.514349323617	-0.000075047637	-0.000162910043	0.000000017445	-0.000000047908	-0.000009384645	0.000026047597	0.000000115987	0.000000017915
215421847.000000000000	96.044997000000	15.400800000000	0.000700514560	-0.000000358234	-0.000161661158	0.000079027446	0.007595815920	300.000000000000	0.002288630013	0.007584098131	0.000350509537	0.000438476913	1575.040051279957	-0.000075183555	-0.000163489029	0.000000109636	0.000000089106	-0.000009219755	0.000025712569	0.000000398728	0.000000075305
215422225.000000000000	96.044997000000	15.450600000000	0.000622503049	0.000004533110	-0.000162197966	0.000078916455	0.007556927972	300.000000000000	0.002288552599	0.007545742558	0.000353037380	0.000438203802	1579.563900858562	-0.000075062955	-0.000164015501	-0.000000013539	0.000000288818	-0.000008816307	0.000025258372	-0.000000084515	-0.000000169710
215422544.000000000000	96.044997000000	15.500800000000	0.000578143416	0.000006949685	-0.000160856357	0.000078742228	0.007537336459	300.000000000000	0.002289249323	0.007510071035	0.000355411554	0.000437572366	1584.122211964639	-0.000074914622	-0.000162675465	-0.000000132406	0.000000081088	-0.000008588492	0.000025203353	0.000000421686	0.000000197341
215422878.000000000000	96.044997000000	15.550800000000	0.000563830552	0.000003065451	-0.000162019283	0.000079079655	0.007471313071	300.000000000000	0.002291103383	0.007460413803	0.000356923090	0.000437000301	1588.660491732246	-0.000075219437	-0.000163847996	0.000000003802	0.000000468032	-0.000008987061	0.000025230820	-0.000000164977	0.000000022075
215423173.000000000000	96.044997000000	15.600000000000	0.000532358431	0.000005214284	-0.000162579391	0.000079008930	0.007388372824	300.000000000000	0.002290875012	0.007370208650	0.000356580829	0.000436499482	1593.124336730358	-0.000075145794	-0.000164401339	0.000000031781	0.000000326174	-0.000008502230	0.000024802557	-0.000000019775	0.000000175778
215423526.000000000000	96.044997000000	15.651200000000	0.000512736203	0.000003255750	-0.000163815698	0.000079456604	0.007328224931	300.000000000000	0.002289129332	0.007304094265	0.000358886551	0.000438580988	1597.767719682235	-0.000075555370	-0.000165650645	-0.000000418868	0.000000039767	-0.000008455736	0.000025119158	0.000000112524	0.000000010361
215423842.000000000000	96.044997000000	15.700500000000	0.000502420383	0.000000530588	-0.000163045801	0.000079512406	0.007268101343	300.000000000000	0.002290139581	0.007241577855	0.000360067002	0.000438229647	1602.236939958657	-0.000075635487	-0.000164887905	-0.000000145906	-0.000000451324	-0.000008670502	0.000024735436	-0.000000042073	-0.000000056966
215424154.000000000000	96.044997000000	15.750600000000	0.000500475111	0.000000838554	-0.000162431769	0.000079162755	0.007214653771	300.000000000000	0.002289233840	0.007188804696	0.000361124519	0.000437677139	1606.776824150616	-0.000075298630	-0.000164258289	0.000000160272	-0.000000156241	-0.000008185702	0.000024506753	0.000000139253	0.000000267062
215424464.000000000000	96.044997000000	15.800600000000	0.000515708001	0.000000915040	-0.000162481966	0.000078809606	0.007163597986	300.000000000000	0.002289853150	0.007141675838	0.000359948259	0.000437412411	1611.305778563936	-0.000074945094	-0.000164303432	0.000000238924	-0.000000053696	-0.000008300164	0.000023990591	-0.000000056359	-0.000000445101
215424833.000000000000	96.044997000000	15.850600000000	0.000529062867	0.000002529416	-0.000162616095	0.000079043990	0.007121613581	300.000000000000	0.002289655745	0.007095126868	0.000360029982	0.000436908100	1615.832866861634	-0.000075178110	-0.000164445559	-0.000000101696	0.000000125448	-0.000008387588	0.000023897259	0.000000118790	-0.000000226355
215425251.000000000000	96.044997000000	15.900700000000	0.000534717545	0.000001301031	-0.000162907963	0.000079041113	0.007081163910	300.000000000000	0.002289795090	0.007067699118	0.000360426027	0.000437648501	1620.367137771824	-0.000075167594	-0.000164734483	-0.000000102211	0.000000004055	-0.000008097758	0.000023562371	0.000000010949	0.000000308683
215425618.000000000000	96.044997000000	15.950900000000	0.000531100842	0.000002975083	-0.000163333435	0.000079045969	0.007047099638	300.000000000000	0.002288417125	0.007018860391	0.000361686107	0.000437733019	1624.908580232226	-0.000075165681	-0.000165156296	0.000000039460	-0.000000160957	-0.000007810920	0.000023404523	0.000000185589	-0.000000187600
215425954.000000000000	96.044997000000	16.000600000000	0.000529756369	0.000004366365	-0.000163027040	0.000079128992	0.006965943957	300.000000000000	0.002287422358	0.006951478545	0.000361680519	0.000437957933	1629.402936598633	-0.000075249352	-0.000164856444	0.000000109483	0.000000049166	-0.000008162282	0.000023385950	0.000000332576	0.000000367032
215426260.000000000000	96.044997000000	16.050800000000	0.000567895138	0.000003884788	-0.000163982873	0.000079534003	0.006900260580	300.000000000000	0.002291041452	0.006889582819	0.000365377637	0.000437020557	1633.940636734604	-0.000075635449	-0.000165822005	0.000000048595	-0.000000227009	-0.000008127627	0.000023112357	0.000000117766	-0.000000002650
215426612.000000000000	96.044997000000	16.100800000000	0.000632793502	0.000005945160	-0.000164720494	0.000080052746	0.006833115322	300.000000000000	0.002289860892	0.006821725249	0.000365552958	0.000439218013	1638.458389317882	-0.000076132738	-0.000166570060	0.000000219130	0.000000046645	-0.000008085434	0.000022941021	-0.000000163284	0.000000073849
215426948.000000000000	96.044997000000	16.151000000000	0.000804930040	0.000000843154	-0.000165255323	0.000080547834	0.006797452725	300.000000000000	0.002290387305	0.006781020178	0.000366899651	0.000439609168	1642.992336530859	-0.000076617502	-0.000167109322	-0.000000128131	0.000000110441	-0.000007864608	0.000022725286	0.000000172247	0.000000148786
215427290.000000000000	96.044997000000	16.200300000000	0.001076909273	0.000000756145	-0.000165339823	0.000080516058	0.006770332596	300.000000000000	0.002290093133	0.006749696836	0.000366866821	0.000441131881	1647.443168128901	-0.000076585587	-0.000167207729	0.000000172605	-0.000000243763	-0.000008223479	0.000022385298	-0.000000015083	-0.000000181890
215427621.000000000000	96.044997000000	16.251300000000	0.001492069407	0.000002871641	-0.000165941413	0.000080808393	0.006744024936	300.000000000000	0.002289408021	0.006719721731	0.000368313398	0.000441833865	1652.045568825513	-0.000076861409	-0.000167805420	0.000000186788	-0.000000245596	-0.000008949745	0.000022109064	0.000000030606	0.000000118472
215427966.000000000000	96.044997000000	16.299700000000	0.001966343493	0.000002135925	-0.000166599169	0.000081039415	0.006714517132	300.000000000000	0.002289245452	0.006697215639	0.000370880356	0.000443459256	1656.411543143398	-0.000077075943	-0.000168467807	0.000000116178	-0.000000261656	-0.000008632671	0.000021836759	0.000000083858	-0.000000341437
215428283.000000000000	96.044997000000	16.351300000000	0.002533052205	0.000000329292	-0.000166316627	0.000081079668	0.006676350960	300.000000000000	0.002288382289	0.006664982751	0.000371272909	0.000443850411	1661.064252736500	-0.000077120718	-0.000168192321	-0.000000031504	-0.000000277433	-0.000009544857	0.000020814028	-0.000000072380	0.000000146800
215428626.000000000000	96.044997000000	16.400900000000	0.003158545016	-0.000001628490	-0.000167381313	0.000082074824	0.006664217499	300.000000000000	0.002289349961	0.006640894200	0.000373626826	0.000444677426	1665.534753117943	-0.000078096178	-0.000169277189	0.000000085275	0.000000248671	-0.000009900871	0.000020452423	-0.000000244683	0.000000363095
215429018.000000000000	96.044997000000	16.450700000000	0.003343898109	-0.000000283132	-0.000168157479	0.000081931220	0.006614768678	300.000000000000	0.002289760254	0.006600272867	0.000376661075	0.000447151484	1670.021434125691	-0.000077938259	-0.000170051020	0.000000088437	-0.000000044818	-0.000010172011	0.000020587427	0.000000290055	0.000000224153
215429362.000000000000	96.044997000000	16.501100000000	0.002843201977	0.000004536531	-0.000167244729	0.000081436966	0.006589852650	300.000000000000	0.002287197858	0.006575613181	0.000377248507	0.000446329359	1674.560288849376	-0.000077459355	-0.000169125218	-0.000000145717	0.000000080032	-0.000009530228	0.000020804600	0.000000013648	-0.000000027510
215429724.000000000000	96.044997000000	16.550700000000	0.002033236721	0.000003251013	-0.000166349085	0.000081390568	0.006547379397	300.000000000000	0.002289272547	0.006534328787	0.000375254313	0.000444571255	1679.025249330523	-0.000077436076	-0.000168228776	0.000000269484	-0.000000089357	-0.000009095538	0.000021416524	-0.000000073076	0.000000461943
215430087.000000000000	96.044997000000	16.600500000000	0.001499009331	0.000003422198	-0.000166176998	0.000080782912	0.006538417042	300.000000000000	0.002289980883	0.006518748265	0.000374734635	0.000444435049	1683.506368609371	-0.000076826261	-0.000168041375	-0.000000271920	-0.000000107337	-0.000008935335	0.000022123560	0.000000248013	-0.000000159730
215430415.000000000000	96.044997000000	16.650800000000	0.001117923321	0.000005583636	-0.000165649592	0.000080893357	0.006527148037	300.000000000000	0.002288877737	0.006512795886	0.000373115530	0.000444157049	1688.030602497194	-0.000076951780	-0.000167518939	0.000000080016	0.000000147541	-0.000008355211	0.000022423861	-0.000000043731	0.000000188789
215430726.000000000000	96.044997000000	16.700700000000	0.000880049872	0.000006421162	-0.000164200234	0.000080348039	0.006513411062	300.000000000000	0.002288095858	0.006502601518	0.000369567191	0.000441940036	1692.516995072679	-0.000076435387	-0.000166052139	0.000000090298	-0.000000065542	-0.000008033950	0.000022284892	-0.000000238163	-0.000000081457
215431044.000000000000	96.044997000000	16.750500000000	0.000702659638	0.000003756914	-0.000165447390	0.000080575085	0.006504328050	300.000000000000	0.002289113849	0.006494304626	0.000368980458	0.000441018026	1696.992546761909	-0.000076639479	-0.000167308113	-0.000000161378	0.000000352336	-0.000007517444	0.000022545772	-0.000000072335	0.000000091574
215431414.000000000000	96.044997000000	16.800700000000	0.000577949760	0.000004901764	-0.000165777102	0.000080447556	0.006494125945	300.000000000000	0.002289740900	0.006469864338	0.000370943220	0.000440235715	1701.502176245262	-0.000076511257	-0.000167636114	0.000000287429	0.000000093019	-0.000007749255	0.000022313101	-0.000000001131	0.000000127590
215431704.000000000000	96.044997000000	16.850800000000	0.000515584427	0.000004709207	-0.000165195314	0.000080671969	0.006472955861	300.000000000000	0.002288463573	0.006464147962	0.000372383511	0.000440492760	1706.000950297963	-0.000076742186	-0.000167063741	0.000000016805	0.000000300481	-0.000007597617	0.000022169462	0.000000038179	0.000000309637
215432056.000000000000	96.044997000000	16.901200000000	0.000458031422	0.000005319440	-0.000165979486	0.000080540224	0.006449311473	300.000000000000	0.002285785057	0.006442245698	0.000372965354	0.000440961448	1710.524776231863	-0.000076591186	-0.000167840045	0.000000103437	0.000000143797	-0.000007440612	0.000022277137	0.000000048980	0.000000035343
215432413.000000000000	96.044997000000	16.950400000000	0.000424524544	0.000002206357	-0.000165738880	0.000080998125	0.006441715106	300.000000000000	0.002287991349	0.006430518348	0.000373456394	0.000441553071	1714.939066739054	-0.000077055935	-0.000167607181	-0.000000348512	0.000000010121	-0.000007425393	0.000022229783	-0.000000059425	0.000000179566
215432732.000000000000	96.044997000000	17.001200000000	0.000390746992	0.000005707210	-0.000166250021	0.000080769796	0.006423596364	300.000000000000	0.002288742263	0.006405568204	0.000373849645	0.000441088574	1719.495019383940	-0.000076818681	-0.000168117041	-0.000000331294	-0.000000015932	-0.000007568639	0.000022073266	-0.000000032197	-0.000000145399
