215598421.000000000000	96.044997000000	7.996700000000	0.000248092547	0.000004991567	-0.000400530782	0.000168668023	0.002023805793	300.000000000000	0.002279115860	0.001498875133	0.000631818310	0.000854865819	881.793985581806	-0.000159152884	-0.000404408731	0.000000131383	-0.000000211237	-0.000018355942	0.000052693574	0.000000159404	0.000000021841
215598836.000000000000	96.044997000000	8.051400000000	0.000268799324	0.000003139917	-0.000396985320	0.000166931258	0.002097575853	300.000000000000	0.002279034576	0.002095346131	0.000674065233	0.000854088830	887.066082157571	-0.000157497313	-0.000400820393	-0.000000275034	-0.000000069221	-0.000019126514	0.000054585923	-0.000000162131	0.000000031175
215599221.000000000000	96.044997000000	8.100100000000	0.000271528977	0.000003768473	-0.000396251173	0.000166340977	0.002181608731	300.000000000000	0.002279084895	0.002175199224	0.000668354895	0.000853710447	891.758003281859	-0.000156919903	-0.000400074453	0.000000129860	-0.000000170341	-0.000019759613	0.000056425792	0.000000126579	0.000000123650
215599641.000000000000	96.044997000000	8.150900000000	0.000269637013	0.000005564383	-0.000394808202	0.000166015416	0.002261903000	300.000000000000	0.002278961033	0.002254147380	0.000662248079	0.000853483204	896.650354884780	-0.000156636590	-0.000398620118	-0.000000052278	-0.000000205608	-0.000020108739	0.000057556761	0.000000154379	0.000000002881
215600015.000000000000	96.044997000000	8.200700000000	0.000270579239	0.000005956019	-0.000392667771	0.000165469291	0.002333981014	300.000000000000	0.002276638619	0.002334816850	0.000657296104	0.000853415085	901.444526412224	-0.000156136630	-0.000396471037	-0.000000025029	-0.000000046235	-0.000020746041	0.000059561084	0.000000073810	0.000000044971
215600324.000000000000	96.044997000000	8.250500000000	0.000278000987	0.000002954573	-0.000390138599	0.000163975291	0.002419165539	300.000000000000	0.002276851507	0.002413716402	0.000651468153	0.000851738704	906.236842515478	-0.000154705859	-0.000393902866	-0.000000174401	0.000000372009	-0.000021236493	0.000060536429	-0.000000031454	0.000000119467
215600651.000000000000	96.044997000000	8.300700000000	0.000281409218	0.000005616214	-0.000391707239	0.000164863209	0.002503458356	300.000000000000	0.002276015439	0.002500046563	0.000646519371	0.000851044203	911.065773169841	-0.000155555878	-0.000395491922	-0.000000139247	-0.000000076797	-0.000021877519	0.000062282684	-0.000000025363	0.000000001649
215600949.000000000000	96.044997000000	8.350100000000	0.000275473102	0.000005296790	-0.000390763228	0.000164788613	0.002585698522	300.000000000000	0.002277737895	0.002578453193	0.000642795144	0.000853086727	915.815908021070	-0.000155503237	-0.000394545055	-0.000000025304	-0.000000061797	-0.000022475246	0.000064184093	0.000000005453	-0.000000175787
215601300.000000000000	96.044997000000	8.400800000000	0.000267702005	0.000004592821	-0.000388787900	0.000162755577	0.002691076314	300.000000000000	0.002278008843	0.002690404079	0.000638331714	0.000856722610	920.689147657251	-0.000153516484	-0.000392528267	0.000000177659	0.000000022252	-0.000023044533	0.000065802339	-0.000000237431	0.000000043136
215601643.000000000000	96.044997000000	8.451100000000	0.000256654764	0.000002059120	-0.000387415709	0.000162840815	0.002778725834	300.000000000000	0.002279653886	0.002773307855	0.000631438330	0.000855893467	925.522038818111	-0.000153635405	-0.000391153238	-0.000000010805	0.000000046797	-0.000023248143	0.000067064361	0.000000178873	0.000000268486
215601983.000000000000	96.044997000000	8.500700000000	0.000245354420	0.000003936922	-0.000384039228	0.000161751311	0.002855659476	300.000000000000	0.002278639765	0.002852375135	0.000625749280	0.000853423067	930.285818985374	-0.000152628281	-0.000387754255	-0.000000461866	0.000000413128	-0.000024042579	0.000068804163	-0.000000284054	-0.000000130823
215602329.000000000000	96.044997000000	8.550500000000	0.000230707645	0.000009054413	-0.000384253386	0.000161370220	0.002922515234	300.000000000000	0.002276979240	0.002917692273	0.000622732859	0.000852466200	935.066955627874	-0.000152240639	-0.000387957192	-0.000000069717	-0.000000271937	-0.000024373880	0.000069760476	-0.000000235892	0.000000075288
215602643.000000000000	96.044997000000	8.601100000000	0.000233098630	0.000005933876	-0.000382800092	0.000160724298	0.002994584404	300.000000000000	0.002278651377	0.002989139865	0.000618089550	0.000854062753	939.922996573601	-0.000151631136	-0.000386497497	0.000000150207	0.000000139907	-0.000024808879	0.000071230154	0.000000243427	0.000000186755
215603045.000000000000	96.044997000000	8.650200000000	0.000232436298	0.000005266640	-0.000382661791	0.000160845391	0.003071167066	300.000000000000	0.002277846274	0.003062675017	0.000614881543	0.000854291060	944.633251757617	-0.000151755200	-0.000386362765	0.000000366650	0.000000004391	-0.000025340939	0.000072954256	0.000000470881	0.000000130330
215603362.000000000000	96.044997000000	8.701200000000	0.000222749991	0.000006215859	-0.000381027352	0.000160686696	0.003156346377	300.000000000000	0.002277045042	0.003149546807	0.000611726222	0.000854534268	949.523866909052	-0.000151631949	-0.000384718554	0.000000356549	-0.000000207042	-0.000025577114	0.000073829136	0.000000226265	-0.000000574820
215603674.000000000000	96.044997000000	8.750500000000	0.000232322330	0.000003323733	-0.000381876008	0.000161175590	0.003231021989	300.000000000000	0.002275876094	0.003225544706	0.000608669355	0.000856116985	954.249610862480	-0.000152101413	-0.000385577483	-0.000000094542	-0.000000103988	-0.000026056149	0.000074984693	-0.000000233376	-0.000000092865
215604007.000000000000	96.044997000000	8.800300000000	0.000232173817	0.000003251510	-0.000379657860	0.000160304095	0.003307163207	300.000000000000	0.002278070774	0.003300604280	0.000606253770	0.000854871673	959.021436069337	-0.000151289679	-0.000383340430	-0.000000199665	0.000000185038	-0.000026185629	0.000075766056	0.000000160577	0.000000099215
215604330.000000000000	96.044997000000	8.851200000000	0.000227381072	0.000006671791	-0.000378527105	0.000159393773	0.003371837973	300.000000000000	0.002278392041	0.003363958701	0.000602568926	0.000856504415	963.896744480855	-0.000150398006	-0.000382190020	0.000000109766	-0.000000071193	-0.000026672652	0.000076778016	0.000000015813	-0.000000085232
215604643.000000000000	96.044997000000	8.900900000000	0.000236914794	0.000003910262	-0.000377927923	0.000159279959	0.003421467135	300.000000000000	0.002277935300	0.003414947851	0.000597124148	0.000855338931	968.655242832803	-0.000150297674	-0.000381583242	0.000000194582	-0.000000173109	-0.000026931832	0.000078380364	0.000000246669	0.000000298762
215604966.000000000000	96.044997000000	8.950300000000	0.000237925815	0.000004527563	-0.000377311057	0.000158974856	0.003465144360	300.000000000000	0.002278043679	0.003456496387	0.000593857600	0.000854768962	973.383185256762	-0.000150001638	-0.000380965423	0.000000246166	-0.000000093667	-0.000027875410	0.000079304271	-0.000000150155	0.000000102392
215605304.000000000000	96.044997000000	9.001000000000	0.000242778552	0.000003767300	-0.000374173217	0.000158005873	0.003516594645	300.000000000000	0.002276228326	0.003503355876	0.000590744854	0.000853019139	978.233647332570	-0.000149116253	-0.000377802491	-0.000000012287	-0.000000350592	-0.000028275222	0.000080859074	-0.000000343340	0.000000138880
215605682.000000000000	96.044997000000	9.050100000000	0.000245071214	0.000007457523	-0.000374306525	0.000157884223	0.003579563053	300.000000000000	0.002277838533	0.003576848877	0.000582984009	0.000854797167	982.929203135109	-0.000148989350	-0.000377932465	0.000000080482	-0.000000041031	-0.000028729962	0.000082926194	-0.000000195877	0.000000087395
215606052.000000000000	96.044997000000	9.101300000000	0.000246356293	0.000004878660	-0.000372910934	0.000156446579	0.003663335405	300.000000000000	0.002278423007	0.003655536278	0.000579238496	0.000855951475	987.823664573167	-0.000147586756	-0.000376511456	-0.000000425794	0.000000432389	-0.000029331322	0.000083827801	0.000000073875	0.000000275695
215606411.000000000000	96.044997000000	9.150500000000	0.000252067614	0.000005316227	-0.000372973431	0.000156828199	0.003754051514	300.000000000000	0.002278403653	0.003749692899	0.000578112394	0.000856326665	992.525086680467	-0.000147963152	-0.000376573934	0.000000040940	-0.000000049557	-0.000029143108	0.000084688010	-0.000000073689	0.000000071013
215606745.000000000000	96.044997000000	9.201000000000	0.000260516920	0.000004169867	-0.000374107146	0.000157267413	0.003849002513	300.000000000000	0.002279851291	0.003839057915	0.000574580819	0.000857580491	997.348848218347	-0.000148383389	-0.000377725938	-0.000000360852	-0.000000356117	-0.000029712140	0.000085770438	0.000000163836	0.000000383378
215607115.000000000000	96.044997000000	9.250400000000	0.000275588884	0.000004996934	-0.000371920003	0.000156816576	0.003932455039	300.000000000000	0.002278403653	0.003921256346	0.000572168427	0.000858591642	1002.065689878307	-0.000147979899	-0.000375523799	0.000000003632	-0.000000058117	-0.000029974882	0.000086070094	-0.000000413478	-0.000000015853
215607432.000000000000	96.044997000000	9.300700000000	0.000306644806	0.000005453278	-0.000372732817	0.000156875556	0.004013603103	300.000000000000	0.002279247464	0.004002014237	0.000569042908	0.000858059457	1006.866588087640	-0.000148029625	-0.000376333952	0.000000087420	0.000000122268	-0.000030597415	0.000087940988	-0.000000223737	0.000000064474
215607735.000000000000	96.044997000000	9.350600000000	0.000357677629	0.000005785867	-0.000370733354	0.000156581595	0.004103859706	300.000000000000	0.002278330110	0.004091069282	0.000565577856	0.000858839640	1011.627435890012	-0.000147774052	-0.000374332199	-0.000000038342	0.000000236830	-0.000030754287	0.000088475468	-0.000000082649	0.000000490743
215608070.000000000000	96.044997000000	9.400700000000	0.000450931859	0.000004269843	-0.000369640030	0.000156378851	0.004182544933	300.000000000000	0.002278074645	0.004175333008	0.000563556620	0.000859161611	1016.405489138466	-0.000147599160	-0.000373235578	0.000000226456	-0.000000267561	-0.000031433116	0.000089325868	-0.000000032266	-0.000000009569
215608432.000000000000	96.044997000000	9.451500000000	0.000585781068	0.000007160266	-0.000368814480	0.000155332001	0.004292088997	300.000000000000	0.002276870861	0.004280330208	0.000558444457	0.000858809837	1021.248382105805	-0.000146573754	-0.000372384377	-0.000000006674	-0.000000050576	-0.000031908888	0.000090313324	0.000000277079	0.000000207077
215608743.000000000000	96.044997000000	9.500200000000	0.000706171117	0.000008064347	-0.000368124297	0.000154399459	0.004386865406	300.000000000000	0.002280602205	0.004374373682	0.000555181102	0.000856640122	1025.889262055856	-0.000145654665	-0.000371669864	0.000000128456	-0.000000526680	-0.000032269659	0.000090959499	0.000000072942	0.000000097297
215609050.000000000000	96.044997000000	9.550900000000	0.000778860003	0.000007722286	-0.000368309930	0.000155011928	0.004492663664	300.000000000000	0.002288595177	0.004483166236	0.000552648969	0.000859870481	1030.718845185205	-0.000146263685	-0.000371874183	0.000000083472	0.000000095347	-0.000033198235	0.000092603420	0.000000323415	-0.000000267104
215609416.000000000000	96.044997000000	9.600600000000	0.000717420100	0.000007527376	-0.000367519822	0.000154559610	0.004589245813	300.000000000000	0.002286578548	0.004579047244	0.000550090227	0.000860500055	1035.451301446943	-0.000145826257	-0.000371070047	0.000000062964	-0.000000049524	-0.000032920258	0.000093361089	0.000000152942	0.000000084486
215609727.000000000000	96.044997000000	9.650900000000	0.000633691676	0.000005498267	-0.000366989323	0.000154473715	0.004680873574	300.000000000000	0.002286814660	0.004662932736	0.000547969472	0.000860055149	1040.239006076943	-0.000145754217	-0.000370538110	-0.000000561966	-0.000000177722	-0.000033280365	0.000093756265	0.000000066601	0.000000466455
215610039.000000000000	96.044997000000	9.700700000000	0.000557177437	0.000008237000	-0.000366949648	0.000154191720	0.004733164065	300.000000000000	0.002286346306	0.004725211201	0.000546850821	0.000859959888	1044.977252116360	-0.000145470918	-0.000370491336	0.000000113910	0.000000117584	-0.000033121414	0.000093803858	0.000000302821	0.000000051476
215610361.000000000000	96.044997000000	9.750700000000	0.000530093104	0.000006755091	-0.000366784537	0.000154400036	0.004812827553	300.000000000000	0.002284898669	0.004794236284	0.000546041900	0.000860336142	1049.732658230343	-0.000145686220	-0.000370333977	-0.000000099993	-0.000000189270	-0.000033533447	0.000094719669	-0.000000165509	0.000000028324
215610700.000000000000	96.044997000000	9.800500000000	0.000515863562	0.000009155771	-0.000365597856	0.000153776824	0.004880423262	300.000000000000	0.002284720617	0.004877241868	0.000542653483	0.000861273319	1054.467181119713	-0.000145086485	-0.000369137987	-0.000000131279	0.000000053056	-0.000033710289	0.000095594248	0.000000305244	0.000000008818
215611105.000000000000	96.044997000000	9.850500000000	0.000527342458	0.000001940876	-0.000365924856	0.000154977051	0.004941578325	300.000000000000	0.002284693522	0.004925644868	0.000540676950	0.000862855503	1059.218849032110	-0.000146285176	-0.000369485738	-0.000000068464	-0.000000159730	-0.000033870384	0.000095996341	0.000000353982	-0.000000113784
215611421.000000000000	96.044997000000	9.900900000000	0.000498301172	0.000005209564	-0.000363610270	0.000154239901	0.005018105398	300.000000000000	0.002284828997	0.005007165581	0.000539522110	0.000862507454	1064.006634834979	-0.000145604059	-0.000367153780	-0.000000285429	-0.000000115722	-0.000033663704	0.000096236377	0.000000091985	0.000000265084
215611770.000000000000	96.044997000000	9.951000000000	0.000484033955	0.000002549793	-0.000363107194	0.000153887710	0.005096623297	300.000000000000	0.002285053496	0.005086580649	0.000536473226	0.000860486750	1068.764035820266	-0.000145264377	-0.000366644925	0.000000015930	0.000000257161	-0.000034033555	0.000096522218	-0.000000242814	0.000000143446
215612101.000000000000	96.044997000000	10.000000000000	0.000466661995	0.000002138201	-0.000361561291	0.000153032743	0.005143899532	300.000000000000	0.002286609513	0.005139414820	0.000536384351	0.000858734267	1073.415163865584	-0.000144444117	-0.000365079153	0.000000021180	-0.000000187448	-0.000033866256	0.000096254398	-0.000000425179	-0.000000166057
215612603.000000000000	96.044997000000	10.050900000000	0.000452039045	0.000007370675	-0.000361258787	0.000152351443	0.005216538504	300.000000000000	0.002282936230	0.005208986917	0.000535386505	0.000856018530	1078.244736918297	-0.000143766061	-0.000364758183	0.000000194172	0.000000258439	-0.000034097097	0.000097375601	-0.000000019464	0.000000147419
215612944.000000000000	96.044997000000	10.100900000000	0.000448327014	0.000003288595	-0.000360949774	0.000152562242	0.005272278041	300.000000000000	0.002285161876	0.005264883093	0.000532035873	0.000855486346	1082.987024824968	-0.000143986353	-0.000364457238	0.000000059836	-0.000000051946	-0.000034467397	0.000098031394	0.000000026372	-0.000000409584
215613299.000000000000	96.044997000000	10.150800000000	0.000414917310	0.000004923763	-0.000361244682	0.000152527169	0.005326478478	300.000000000000	0.002285893436	0.005312668684	0.000530207287	0.000856225018	1087.717960646707	-0.000143947845	-0.000364749678	-0.000000054252	-0.000000017644	-0.000034692830	0.000098542910	-0.000000073819	-0.000000089063
215613679.000000000000	96.044997000000	10.200700000000	0.000388493756	0.000002162460	-0.000362630363	0.000153527818	0.005357142075	300.000000000000	0.002284577402	0.005358126410	0.000530896998	0.000857533659	1092.447030793141	-0.000144913326	-0.000366159402	0.000000140727	-0.000000193186	-0.000035092288	0.000099779632	-0.000000300161	0.000000008253
215614062.000000000000	96.044997000000	10.250700000000	0.000373172901	0.000001331249	-0.000362413899	0.000152635115	0.005428286156	300.000000000000	0.002282355626	0.005420042857	0.000529563344	0.000860169568	1097.183706712945	-0.000144024766	-0.000365919389	0.000000121697	-0.000000132251	-0.000034950762	0.000099908962	0.000000223857	-0.000000005589
215614413.000000000000	96.044997000000	10.300400000000	0.000351421812	0.000002843739	-0.000362469198	0.000153193789	0.005481414228	300.000000000000	0.002287217211	0.005472070075	0.000528471302	0.000861365919	1101.890106176272	-0.000144581056	-0.000365989874	-0.000000231091	-0.000000139570	-0.000035024765	0.000100341364	0.000000120674	-0.000000028847
215614737.000000000000	96.044997000000	10.351000000000	0.000343782453	0.000002415068	-0.000360759602	0.000152704309	0.005557420547	300.000000000000	0.002286381143	0.005547479523	0.000529266385	0.000860310597	1106.679830766405	-0.000144135631	-0.000364270943	0.000000140858	-0.000000176207	-0.000035200490	0.000100358683	-0.000000119265	-0.000000072200
215615067.000000000000	96.044997000000	10.400700000000	0.000338345616	0.000001256740	-0.000361489774	0.000152573208	0.005655556621	300.000000000000	0.002286729505	0.005647161653	0.000528171682	0.000859143517	1111.382494995329	-0.000143988509	-0.000364994186	-0.000000209032	-0.000000198797	-0.000035215056	0.000101116674	0.000000135582	-0.000000160931
215615452.000000000000	96.044997000000	10.450900000000	0.000336515528	0.000003691743	-0.000359169980	0.000151945335	0.005749036920	300.000000000000	0.002282673023	0.005733928448	0.000524504400	0.000858730542	1116.130590805602	-0.000143414986	-0.000362660453	0.000000179452	-0.000000168866	-0.000035245633	0.000100301332	0.000000247614	-0.000000145840
215615773.000000000000	96.044997000000	10.500900000000	0.000339210156	0.000003074225	-0.000359927780	0.000152176321	0.005824761284	300.000000000000	0.002285994074	0.005819131152	0.000522486357	0.000859523497	1120.857892816619	-0.000143626552	-0.000363424241	-0.000000221545	-0.000000160343	-0.000035382117	0.000101153335	0.000000101798	-0.000000024727
215616095.000000000000	96.044997000000	10.550500000000	0.000349156609	0.000002395977	-0.000357058018	0.000150581974	0.005899780299	300.000000000000	0.002274467163	0.005893563926	0.000518285826	0.000857304820	1125.545525472869	-0.000142100129	-0.000360519633	0.000000193630	0.000000076780	-0.000035330745	0.000101248971	0.000000113673	0.000000212961
215616450.000000000000	96.044997000000	10.600900000000	0.000339670977	0.000005892414	-0.000355740234	0.000150483775	0.005987707466	300.000000000000	0.002276208973	0.005974994887	0.000515150195	0.000854914248	1130.306876740335	-0.000142030805	-0.000359201729	-0.000000154293	0.000000185595	-0.000035500303	0.000101686417	0.000000024747	0.000000129984
215616772.000000000000	96.044997000000	10.650600000000	0.000348253214	0.000003674781	-0.000356892998	0.000150343734	0.006075364459	300.000000000000	0.002275187111	0.006075003439	0.000513774499	0.000853740249	1135.000234108069	-0.000141862272	-0.000360348013	-0.000000208342	0.000000032171	-0.000035723857	0.000102347920	-0.000000108597	-0.000000304124
215617137.000000000000	96.044997000000	10.700700000000	0.000347832036	0.000004897539	-0.000355156048	0.000150159644	0.006198167637	300.000000000000	0.002274904551	0.006180345143	0.000513719152	0.000854541719	1139.729491566570	-0.000141721402	-0.000358606413	0.000000011953	0.000000108590	-0.000035843107	0.000102249653	0.000000053545	-0.000000236089
215617492.000000000000	96.044997000000	10.750700000000	0.000364192578	0.000001915995	-0.000353866000	0.000149586695	0.006325797116	300.000000000000	0.002274459422	0.006318438297	0.000510209928	0.000853312905	1144.447434083762	-0.000141179202	-0.000357307781	0.000000138488	0.000000096678	-0.000035611576	0.000102176139	0.000000294532	-0.000000456946
215617952.000000000000	96.044997000000	10.800100000000	0.000358233716	0.000004899006	-0.000355760267	0.000150460969	0.006475135405	300.000000000000	0.002275732878	0.006460308724	0.000509807597	0.000854060624	1149.106921431929	-0.000142003545	-0.000359216806	0.000000015439	0.000000010659	-0.000036227504	0.000103025459	0.000000133377	-0.000000323097
215618299.000000000000	96.044997000000	10.850700000000	0.000362054641	0.000004867789	-0.000354948383	0.000150507368	0.006598477643	300.000000000000	0.002273069844	0.006590660499	0.000510472827	0.000852777528	1153.877698768169	-0.000142074667	-0.000358410489	0.000000326464	0.000000104771	-0.000035722343	0.000102930730	-0.000000466042	-0.000000399586
215618605.000000000000	96.044997000000	10.900900000000	0.000366500672	0.000002921057	-0.000355830832	0.000150272497	0.006688867178	300.000000000000	0.002277370180	0.006674939786	0.000510463248	0.000851119773	1158.608866439919	-0.000141817931	-0.000359285141	0.000000081274	-0.000000041644	-0.000035878018	0.000102608257	-0.000000032360	0.000000028775
215618930.000000000000	96.044997000000	10.950900000000	0.000370164440	0.000003873712	-0.000353602863	0.000150401820	0.006775603020	300.000000000000	0.002277339214	0.006766776252	0.000510327009	0.000849444989	1163.319307614638	-0.000141997837	-0.000357063232	-0.000000078271	-0.000000330784	-0.000035395115	0.000102154023	-0.000000013291	-0.000000108634
215619214.000000000000	96.044997000000	11.000100000000	0.000383664680	0.000000877798	-0.000356919744	0.000151365765	0.006852968413	300.000000000000	0.002275105827	0.006840611631	0.000510666010	0.000852551882	1167.952552971330	-0.000142883040	-0.000360402450	0.000000146229	0.000000226183	-0.000036298037	0.000102981707	-0.000000005374	0.000000128147
215619559.000000000000	96.044997000000	11.051000000000	0.000401622002	0.000003887327	-0.000357164291	0.000151391047	0.006931309500	300.000000000000	0.002278171412	0.006924427375	0.000513357266	0.000854560345	1172.743981021358	-0.000142904856	-0.000360640568	-0.000000157175	0.000000014317	-0.000036262366	0.000103283154	0.000000235911	0.000000208737
215619928.000000000000	96.044997000000	11.100700000000	0.000424441962	0.000004137846	-0.000357630598	0.000152077580	0.007041097640	300.000000000000	0.002277555973	0.007018354224	0.000514454630	0.000856607126	1177.420574672455	-0.000143576397	-0.000361125139	0.000000310798	0.000000253003	-0.000035897179	0.000103223141	-0.000000170968	-0.000000236348
215620225.000000000000	96.044997000000	11.150600000000	0.000443936040	0.000003971578	-0.000358828763	0.000151856572	0.007134465549	300.000000000000	0.002277617904	0.007114484706	0.000513267327	0.000858209533	1182.114125347933	-0.000143332512	-0.000362318161	0.000000108405	0.000000305223	-0.000036033985	0.000103567975	-0.000000036757	-0.000000036655
215620567.000000000000	96.044997000000	11.201400000000	0.000460187628	0.000002980089	-0.000357130147	0.000151832444	0.007219033635	300.000000000000	0.002276979240	0.007213142511	0.000513118316	0.000859319670	1186.890412450564	-0.000143347531	-0.000360618104	0.000000377271	-0.000000390331	-0.000035887517	0.000102488323	0.000000305210	-0.000000071086
215620879.000000000000	96.044997000000	11.250200000000	0.000483702578	0.000005653108	-0.000357352954	0.000151476972	0.007305281784	300.000000000000	0.002277699188	0.007286954701	0.000513837297	0.000855707735	1191.476835542777	-0.000142985247	-0.000360833429	0.000000226380	0.000000042965	-0.000035947281	0.000102060863	-0.000000227700	-0.000000189620
215621199.000000000000	96.044997000000	11.300500000000	0.000548086492	0.000000557391	-0.000356816671	0.000151278903	0.007354071327	300.000000000000	0.002279371326	0.007358142166	0.000514071990	0.000853506088	1196.202366991471	-0.000142799533	-0.000360289788	0.000000003970	-0.000000102373	-0.000035779804	0.000102044144	0.000000203259	-0.000000099028
215621571.000000000000	96.044997000000	11.350300000000	0.000598084191	0.000004964401	-0.000358144349	0.000151856422	0.007434357498	300.000000000000	0.002277621774	0.007398989597	0.000515176272	0.000854834952	1200.879057115562	-0.000143346822	-0.000361635659	0.000000084465	-0.000000191186	-0.000035543064	0.000101738115	0.000000129715	0.000000014325
215621919.000000000000	96.044997000000	11.400900000000	0.000692684132	0.000005475391	-0.000356932004	0.000151198210	0.007468095518	300.000000000000	0.002279324877	0.007453114689	0.000516702045	0.000856570406	1205.628971255224	-0.000142713441	-0.000360410851	-0.000000018011	0.000000033222	-0.000035590056	0.000100825779	-0.000000053942	0.000000357670
215622248.000000000000	96.044997000000	11.450700000000	0.000924471916	0.000006951903	-0.000357693388	0.000150945577	0.007514389777	300.000000000000	0.002277807567	0.007503030701	0.000518127767	0.000854597066	1210.301914506430	-0.000142444745	-0.000361158460	0.000000010409	0.000000158411	-0.000035937674	0.000101170908	0.000000072000	0.000000079360
215622609.000000000000	96.044997000000	11.500900000000	0.001198902843	0.000006566982	-0.000358107437	0.000151307739	0.007552812253	300.000000000000	0.002279111989	0.007533543240	0.000518909546	0.000855576285	1215.010510494169	-0.000142800151	-0.000361585815	0.000000171572	-0.000000219178	-0.000035997052	0.000101249211	0.000000022708	0.000000057166
215622955.000000000000	96.044997000000	11.550900000000	0.001264709649	0.000005055662	-0.000357925067	0.000151963601	0.007621444987	300.000000000000	0.002279820325	0.007597654942	0.000517882430	0.000857419772	1219.698469951067	-0.000143460760	-0.000361418606	-0.000000185062	0.000000019058	-0.000036437525	0.000101439792	-0.000000191684	0.000000203640
215623284.000000000000	96.044997000000	11.599700000000	0.001096602857	0.000003368225	-0.000357988306	0.000152333882	0.007705103899	300.000000000000	0.002278237214	0.007694127579	0.000516546647	0.000856725803	1224.272111861917	-0.000143826574	-0.000361489039	0.000000158693	-0.000000203526	-0.000036466576	0.000101780600	0.000000037069	0.000000254324
215623624.000000000000	96.044997000000	11.651200000000	0.000909725245	0.000004301475	-0.000358714209	0.000151809440	0.007752695409	300.000000000000	0.002278105610	0.007752692189	0.000514975107	0.000856992428	1229.096868235354	-0.000143286354	-0.000362202399	0.000000315088	0.000000060161	-0.000036184384	0.000101896500	0.000000081265	0.000000091114
215623961.000000000000	96.044997000000	11.700800000000	0.000792852053	0.000005362668	-0.000358161330	0.000151648892	0.007862599604	300.000000000000	0.002277288895	0.007844559125	0.000516343885	0.000856387866	1233.741745044928	-0.000143139653	-0.000361643335	0.000000146365	-0.000000079512	-0.000035925109	0.000101221612	-0.000000057179	-0.000000015089
215624295.000000000000	96.044997000000	11.750900000000	0.000725006576	0.000005409994	-0.000359216647	0.000151441453	0.007966297679	300.000000000000	0.002277285024	0.007944768870	0.000518360331	0.000856939209	1238.431573726208	-0.000142908187	-0.000362697257	-0.000000318272	-0.000000280074	-0.000036266772	0.000101588366	0.000000009193	-0.000000046257
215624677.000000000000	96.044997000000	11.799700000000	0.000680606782	0.000005840767	-0.000358716705	0.000151358520	0.008006637300	300.000000000000	0.002278481067	0.007992406079	0.000518970215	0.000857617744	1242.997901972340	-0.000142833523	-0.000362197626	-0.000000026264	-0.000000272179	-0.000035871652	0.000101265099	-0.000000098448	0.000000544569
215624985.000000000000	96.044997000000	11.851100000000	0.000693143159	0.000004252075	-0.000359381755	0.000151790501	0.008074465161	300.000000000000	0.002280199653	0.008079480637	0.000519023433	0.000856314425	1247.805588571409	-0.000143251692	-0.000362868742	-0.000000089898	-0.000000025570	-0.000035725997	0.000101402171	0.000000244571	0.000000286084
215625332.000000000000	96.044997000000	11.900600000000	0.000785989863	0.000001802898	-0.000359213438	0.000151867647	0.008144293599	300.000000000000	0.002276278645	0.008119470546	0.000520547609	0.000856784344	1252.433687873128	-0.000143329284	-0.000362703213	0.000000113471	0.000000241888	-0.000035934833	0.000101006762	-0.000000269317	-0.000000331403
215625684.000000000000	96.044997000000	11.951100000000	0.000876409971	0.000006719463	-0.000359635729	0.000151291547	0.008223805430	300.000000000000	0.002286543712	0.008213234360	0.000521402297	0.000857268099	1257.153392127278	-0.000142745697	-0.000363113616	0.000000078107	0.000000125535	-0.000035863923	0.000101087908	0.000000017200	-0.000000069072
215626073.000000000000	96.044997000000	12.000600000000	0.000829557201	0.000006500994	-0.000360133200	0.000152754379	0.008319389963	300.000000000000	0.002286810789	0.008302332099	0.000519573712	0.000857810927	1261.777782381789	-0.000144199390	-0.000363643068	-0.000000151533	0.000000136392	-0.000035977665	0.000100688168	-0.000000273685	0.000000010112
215626519.000000000000	96.044997000000	12.050800000000	0.000720791903	0.000004905873	-0.000359387868	0.000152844228	0.008400468125	300.000000000000	0.002285808281	0.008408309415	0.000519911649	0.000858351094	1266.465692991864	-0.000144305320	-0.000362898262	0.000000194273	0.000000197049	-0.000035560470	0.000100545206	-0.000000284772	-0.000000040783
215626838.000000000000	96.044997000000	12.100800000000	0.000603615556	0.000000208473	-0.000359191116	0.000152512490	0.008513029022	300.000000000000	0.002287286884	0.008483105119	0.000521476803	0.000857570380	1271.133049741489	-0.000143980384	-0.000362697984	-0.000000142590	0.000000089241	-0.000035126177	0.000099904768	0.000000352975	-0.000000112325
215627155.000000000000	96.044997000000	12.151100000000	0.000546359384	0.000004590921	-0.000359085408	0.000152115297	0.008554584527	300.000000000000	0.002287762979	0.008532141853	0.000523523584	0.000855365540	1275.826520594146	-0.000143581230	-0.000362581959	0.000000065903	-0.000000022769	-0.000034837409	0.000099244292	-0.000000016817	0.000000071123
215627462.000000000000	96.044997000000	12.200500000000	0.000529485570	0.000001586341	-0.000360439708	0.000152182268	0.008619383976	300.000000000000	0.002285897307	0.008592894407	0.000524255337	0.000854134598	1280.434167762325	-0.000143619762	-0.000363933904	-0.000000154831	-0.000000008288	-0.000034504909	0.000098438500	0.000000149079	0.000000270827
215627779.000000000000	96.044997000000	12.251000000000	0.000532082492	0.000001880682	-0.000360334476	0.000152090959	0.008668788824	300.000000000000	0.002286706281	0.008652750410	0.000524471404	0.000852762627	1285.142524449797	-0.000143528478	-0.000363833299	-0.000000014515	-0.000000446738	-0.000034649468	0.000098010229	0.000000009383	0.000000187220
215628093.000000000000	96.044997000000	12.300200000000	0.000550295811	0.000000284627	-0.000361342691	0.000152395721	0.008753957681	300.000000000000	0.002286323082	0.008740396614	0.000527089219	0.000851956367	1289.727838379418	-0.000143809492	-0.000364847829	-0.000000187370	0.000000268284	-0.000034092205	0.000097458241	-0.000000118054	-0.000000145032
215628455.000000000000	96.044997000000	12.350800000000	0.000563122621	-0.000000291113	-0.000361251141	0.000152415357	0.008803668441	300.000000000000	0.002286876591	0.008780813680	0.000529039675	0.000852315060	1294.441737043506	-0.000143829410	-0.000364754140	0.000000026244	-0.000000132792	-0.000034045509	0.000096353498	0.000000172597	-0.000000140057
215628760.000000000000	96.044997000000	12.401000000000	0.000563854959	0.000002292631	-0.000361535454	0.000152673968	0.008907529014	300.000000000000	0.002287039160	0.008880810078	0.000530605893	0.000854427299	1299.116476200366	-0.000144084702	-0.000365044298	0.000000148594	-0.000000075516	-0.000034050833	0.000095776747	0.000000069869	-0.000000225673
215629093.000000000000	96.044997000000	12.450600000000	0.000557821613	0.000006946521	-0.000364457016	0.000153631960	0.008957350917	300.000000000000	0.002284198074	0.008929628077	0.000534308832	0.000855934977	1303.733487773303	-0.000144968823	-0.000367988334	-0.000000013625	-0.000000035434	-0.000034078922	0.000095604314	-0.000000160392	0.000000007334
215629467.000000000000	96.044997000000	12.500700000000	0.000568531411	0.000004527590	-0.000363680869	0.000153635021	0.009018544882	300.000000000000	0.002286617255	0.009024277535	0.000537515775	0.000856793923	1308.395170824793	-0.000144992588	-0.000367209878	0.000000107812	-0.000000119789	-0.000033413735	0.000094791197	0.000000284540	-0.000000181752
215629803.000000000000	96.044997000000	12.551000000000	0.000579315605	0.000004958526	-0.000364605072	0.000154132352	0.009115909223	300.000000000000	0.002286439203	0.009087972824	0.000539472085	0.000857866274	1313.073571802908	-0.000145467270	-0.000368147830	-0.000000187747	0.000000182068	-0.000033259172	0.000094398528	0.000000071474	0.000000277626
215630141.000000000000	96.044997000000	12.600700000000	0.000611737837	0.000002064562	-0.000365300628	0.000154616089	0.009159944021	300.000000000000	0.002285672807	0.009137967107	0.000543402266	0.000857788576	1317.694305277420	-0.000145941965	-0.000368862721	-0.000000385064	0.000000259392	-0.000033309293	0.000093375642	-0.000000215311	-0.000000129735
215630492.000000000000	96.044997000000	12.650600000000	0.000654349292	0.000004357336	-0.000366653921	0.000155095749	0.009153799712	300.000000000000	0.002281538911	0.009145885249	0.000546793877	0.000857131328	1322.331771760606	-0.000146381722	-0.000370221757	0.000000251060	-0.000000008684	-0.000032767470	0.000092875458	0.000000245577	-0.000000111311
215630874.000000000000	96.044997000000	12.700700000000	0.000700122520	0.000001029478	-0.000366904706	0.000155163226	0.009146927856	300.000000000000	0.002284407091	0.009131902988	0.000548004064	0.000857045646	1326.985948877345	-0.000146446602	-0.000370474591	0.000000266965	-0.000000114431	-0.000032564496	0.000092041530	-0.000000140884	-0.000000302386
215631209.000000000000	96.044997000000	12.750700000000	0.000708452246	0.000004581064	-0.000366827854	0.000154712470	0.009156391548	300.000000000000	0.002283083316	0.009133498427	0.000549599021	0.000858088195	1331.628961739822	-0.000145996827	-0.000370383706	-0.000000123073	-0.000000199194	-0.000032519202	0.000091872883	-0.000000244323	-0.000000028363
215631561.000000000000	96.044997000000	12.801000000000	0.000706050201	0.000001957096	-0.000367030784	0.000155365975	0.009214660598	300.000000000000	0.002285610876	0.009177242957	0.000552637793	0.000856785940	1336.297943241823	-0.000146644834	-0.000370600217	0.000000128547	0.000000056366	-0.000032193589	0.000090988025	-0.000000103251	-0.000000097592
215631973.000000000000	96.044997000000	12.850400000000	0.000728861004	0.000003153289	-0.000367852631	0.000155515336	0.009200571604	300.000000000000	0.002286086970	0.009182508174	0.000554829861	0.000856024917	1340.881539845741	-0.000146775806	-0.000371424502	0.000000028023	-0.000000090975	-0.000032086056	0.000089677941	-0.000000293502	0.000000012001
215632354.000000000000	96.044997000000	12.900800000000	0.000785057273	-0.000000105627	-0.000368007019	0.000155731575	0.009255805945	300.000000000000	0.002283280721	0.009237038572	0.000555608979	0.000855114881	1345.556038166997	-0.000146986208	-0.000371585763	0.000000237284	0.000000132837	-0.000031854124	0.000089228242	0.000000207322	-0.000000543825
215632681.000000000000	96.044997000000	12.951000000000	0.000846463561	0.000002495068	-0.000368102218	0.000155769133	0.009264703132	300.000000000000	0.002284418704	0.009232142316	0.000557404036	0.000853749829	1350.210095749529	-0.000147023063	-0.000371686305	0.000000138290	0.000000177739	-0.000031461270	0.000088235459	0.000000139699	0.000000209265
215633041.000000000000	96.044997000000	13.000000000000	0.000920292276	0.000002202784	-0.000369700077	0.000156503649	0.009271314851	300.000000000000	0.002285769574	0.009250510307	0.000558760574	0.000853769519	1354.751080773509	-0.000147721844	-0.000373295277	0.000000333197	0.000000313153	-0.000031302445	0.000087615783	-0.000000035075	-0.000000010178
215633413.000000000000	96.044997000000	13.051100000000	0.001090090212	0.000000705246	-0.000370475566	0.000156876322	0.009253336915	300.000000000000	0.002286644349	0.009212758960	0.000560370964	0.000858078084	1359.484764091576	-0.000148074227	-0.000374075161	-0.000000198109	0.000000110153	-0.000031227631	0.000087085842	0.000000031763	0.000000120835
215633764.000000000000	96.044997000000	13.100500000000	0.001391399851	0.000003261132	-0.000372230211	0.000157926791	0.009204533620	300.000000000000	0.002285680548	0.009172006277	0.000564239944	0.000858650182	1364.059107787563	-0.000149078190	-0.000375858570	0.000000006912	-0.000000116050	-0.000031327599	0.000085919373	-0.000000087467	-0.000000026667
215634098.000000000000	96.044997000000	13.150900000000	0.001902426680	0.000003310088	-0.000372718880	0.000157581918	0.009157686568	300.000000000000	0.002287515254	0.009159501374	0.000566748129	0.000859260597	1368.724166217859	-0.000148726452	-0.000376342525	0.000000149747	0.000000095150	-0.000031409304	0.000085224747	-0.000000293603	0.000000069384
215634417.000000000000	96.044997000000	13.200700000000	0.002355495808	0.000004147264	-0.000373656363	0.000158354786	0.009180382367	300.000000000000	0.002286187608	0.009149953209	0.000569845974	0.000859533608	1373.331819952758	-0.000149468869	-0.000377301187	-0.000000228192	-0.000000148347	-0.000031445163	0.000083784642	0.000000165633	0.000000141922
215634748.000000000000	96.044997000000	13.250600000000	0.002631119344	0.000004845629	-0.000372436343	0.000157252220	0.009195586234	300.000000000000	0.002283025256	0.009177443812	0.000571940120	0.000859175448	1377.946863379237	-0.000148405194	-0.000376046853	0.000000072305	0.000000212148	-0.000031737163	0.000083402177	0.000000107692	0.000000251646
215635050.000000000000	96.044997000000	13.300300000000	0.002473363271	0.000004891074	-0.000371679813	0.000157463575	0.009188140050	300.000000000000	0.002286594031	0.009175016917	0.000572393541	0.000857838601	1382.541556410062	-0.000148629388	-0.000375299568	0.000000107481	0.000000066500	-0.000031623192	0.000083079601	0.000000115243	0.000000069030
215635362.000000000000	96.044997000000	13.350800000000	0.002001863962	0.000006116149	-0.000373597615	0.000157753619	0.009235183405	300.000000000000	0.002286365660	0.009216763071	0.000572317439	0.000857933330	1387.208313955414	-0.000148876255	-0.000377218810	-0.000000007441	0.000000071686	-0.000031314131	0.000083615934	0.000000012074	-0.000000110224
215635681.000000000000	96.044997000000	13.401000000000	0.001443734518	0.000003149091	-0.000372490292	0.000157672116	0.009242870417	300.000000000000	0.002286853367	0.009204870522	0.000572832593	0.000857511308	1391.845455795134	-0.000148816654	-0.000376117334	-0.000000091047	0.000000146910	-0.000030214044	0.000083527779	-0.000000133206	0.000000265813
215636010.000000000000	96.044997000000	13.450600000000	0.000999442110	0.000003112452	-0.000372967928	0.000157635923	0.009220864068	300.000000000000	0.002286110194	0.009191995101	0.000574733023	0.000856025449	1396.425320641221	-0.000148771464	-0.000376590277	-0.000000369800	0.000000041971	-0.000029698458	0.000082675439	-0.000000153792	0.000000176410
215636333.000000000000	96.044997000000	13.500700000000	0.000782907993	0.000000802420	-0.000373975274	0.000157345441	0.009175674433	300.000000000000	0.002285285738	0.009158343694	0.000577236951	0.000852745064	1401.049483767007	-0.000148465343	-0.000377587669	0.000000128139	-0.000000048785	-0.000029058677	0.000082260330	-0.000000012491	-0.000000512990
215636708.000000000000	96.044997000000	13.551200000000	0.000678574992	0.000001808425	-0.000373350555	0.000156953676	0.009139609870	300.000000000000	0.002285897307	0.009120619724	0.000579380057	0.000851125627	1405.708664787444	-0.000148082162	-0.000376953301	0.000000199428	-0.000000208335	-0.000029181432	0.000081701281	-0.000000210028	0.000000268952
215637032.000000000000	96.044997000000	13.600400000000	0.000621261753	0.000005029539	-0.000373106608	0.000157283136	0.009138288334	300.000000000000	0.002285637970	0.009124624596	0.000578780285	0.000852766884	1410.246070529009	-0.000148415254	-0.000376718156	-0.000000275460	-0.000000018160	-0.000028967055	0.000081034404	-0.000000062633	0.000000047901
215637360.000000000000	96.044997000000	13.650800000000	0.000603810321	0.000000103022	-0.000375545974	0.000158505485	0.009168699709	300.000000000000	0.002285014790	0.009134103788	0.000579611557	0.000852168177	1414.892265928729	-0.000149588092	-0.000379186959	-0.000000102660	-0.000000081022	-0.000028782403	0.000081359091	-0.000000093758	-0.000000075920
215637662.000000000000	96.044997000000	13.700600000000	0.000581686655	0.000001362827	-0.000374194269	0.000158125385	0.009185545405	300.000000000000	0.002284712876	0.009157062471	0.000579805805	0.000852510903	1419.481281971919	-0.000149231295	-0.000377827083	0.000000157546	-0.000000184044	-0.000028555894	0.000080160579	0.000000169726	0.000000132967
215637997.000000000000	96.044997000000	13.750700000000	0.000583822383	0.000000655062	-0.000375685805	0.000158203729	0.009187585717	300.000000000000	0.002281585359	0.009154366101	0.000583566751	0.000853625830	1424.096069645746	-0.000149278817	-0.000379318583	0.000000128173	-0.000000229282	-0.000028215846	0.000079467542	0.000000008535	-0.000000301599
215638319.000000000000	96.044997000000	13.800200000000	0.000599268933	0.000000838104	-0.000377338293	0.000159393024	0.009183966276	300.000000000000	0.002283853583	0.009166461452	0.000587693309	0.000854341085	1428.653745433054	-0.000150422333	-0.000381000246	-0.000000076920	-0.000000179783	-0.000028073381	0.000078798895	0.000000216686	0.000000438057
215638627.000000000000	96.044997000000	13.850900000000	0.000636966890	0.000001187871	-0.000377344935	0.000159172225	0.009160324492	300.000000000000	0.002285185100	0.009123500920	0.000589712948	0.000853392733	1433.320009343688	-0.000150210421	-0.000381001285	-0.000000076800	-0.000000126490	-0.000027849386	0.000078108388	-0.000000047455	0.000000040655
215638955.000000000000	96.044997000000	13.900800000000	0.000706057216	-0.000002051556	-0.000379169213	0.000159959370	0.009117222011	300.000000000000	0.002281829213	0.009086838171	0.000592685730	0.000854492226	1437.910765475855	-0.000150954693	-0.000382845331	-0.000000120132	0.000000081468	-0.000027542467	0.000077255898	0.000000271287	-0.000000253664
215639307.000000000000	96.044997000000	13.950800000000	0.000797388579	0.000001101859	-0.000378703944	0.000160081835	0.009071115396	300.000000000000	0.002283586505	0.009035721466	0.000595163048	0.000855425677	1442.508852578192	-0.000151080335	-0.000382382097	0.000000102079	0.000000046226	-0.000027528622	0.000075909541	0.000000107592	0.000000092876
215639633.000000000000	96.044997000000	14.000900000000	0.000950565135	0.000002707911	-0.000381012683	0.000160610700	0.009005357119	300.000000000000	0.002285777315	0.008973670849	0.000598613732	0.000855016959	1447.114259521084	-0.000151556809	-0.000384705185	0.000000306519	-0.000000019726	-0.000027279855	0.000075390317	-0.000000092830	-0.000000008352
215639966.000000000000	96.044997000000	14.050500000000	0.001314870849	0.000002987280	-0.000381472673	0.000160301322	0.008939680197	300.000000000000	0.002285479272	0.008920802075	0.000601589174	0.000855281455	1451.671854229378	-0.000151241134	-0.000385159218	0.000000088595	-0.000000124113	-0.000027295417	0.000074059184	-0.000000055788	-0.000000009786
215640351.000000000000	96.044997000000	14.101200000000	0.001849345881	0.000005628378	-0.000380626328	0.000160164289	0.008902792922	300.000000000000	0.002282831721	0.008881183438	0.000606803517	0.000855027071	1456.328622226320	-0.000151123566	-0.000384306304	-0.000000103713	-0.000000063396	-0.000027111932	0.000072148120	-0.000000246066	0.000000581488
215640699.000000000000	96.044997000000	14.150700000000	0.002288639373	0.000002305165	-0.000382978135	0.000161070590	0.008850484483	300.000000000000	0.002283841971	0.008838653500	0.000608542695	0.000855351171	1460.873315439783	-0.000151974645	-0.000386677895	-0.000000157321	0.000000053848	-0.000027711743	0.000071745945	-0.000000078126	0.000000022531
215641025.000000000000	96.044997000000	14.201000000000	0.002415772540	0.000007407008	-0.000380787278	0.000159586492	0.008813848477	300.000000000000	0.002282208540	0.008809458324	0.000609493176	0.000855895596	1465.489580459929	-0.000150542240	-0.000384457247	-0.000000116155	-0.000000022903	-0.000027523974	0.000071384870	-0.000000494620	-0.000000072225
215641345.000000000000	96.044997000000	14.250600000000	0.002288797347	0.000004839150	-0.000381510684	0.000160525849	0.008736621173	300.000000000000	0.002284178721	0.008718315136	0.000610547434	0.000854370888	1470.039749821048	-0.000151458865	-0.000385193374	0.000000208374	-0.000000059618	-0.000026979584	0.000071298856	0.000000182624	-0.000000125477
215641776.000000000000	96.044997000000	14.300300000000	0.002007111855	0.000004784469	-0.000382388227	0.000161307421	0.008648841215	300.000000000000	0.002279800972	0.008635649918	0.000610645356	0.000853312373	1474.597247028540	-0.000152221290	-0.000386093574	-0.000000009713	0.000000161056	-0.000026853605	0.000070948310	-0.000000128930	-0.000000031373
215642194.000000000000	96.044997000000	14.351000000000	0.001702152801	0.000002773264	-0.000382011494	0.000161195195	0.008591187532	300.000000000000	0.002285866341	0.008583144101	0.000612144519	0.000852441719	1479.244540607051	-0.000152120025	-0.000385716042	-0.000000070390	0.000000058007	-0.000026376132	0.000070671145	-0.000000179192	-0.000000283865
215642495.000000000000	96.044997000000	14.401000000000	0.001325336511	0.000001472617	-0.000383543297	0.000161077261	0.008499351595	300.000000000000	0.002285734738	0.008459864251	0.000612711295	0.000852767416	1483.825787378339	-0.000151967526	-0.000387239364	0.000000067657	-0.000000343173	-0.000026240985	0.000070401372	-0.000000134480	0.000000233513
215642834.000000000000	96.044997000000	14.450800000000	0.001063466475	0.000005581373	-0.000382378762	0.000160963133	0.008414609019	300.000000000000	0.002286114065	0.008379012596	0.000615330707	0.000853476818	1488.386850574590	-0.000151875047	-0.000386081314	0.000000190450	0.000000099897	-0.000025333328	0.000070133983	-0.000000050741	-0.000000118633
215643249.000000000000	96.044997000000	14.501100000000	0.000952930538	0.000004767657	-0.000383941880	0.000161724638	0.008389587293	300.000000000000	0.002280997015	0.008366516249	0.000618647812	0.000853701400	1492.991824798090	-0.000152605266	-0.000387657516	-0.000000174315	-0.000000243489	-0.000025034313	0.000069279096	-0.000000214776	0.000000229291
215643682.000000000000	96.044997000000	14.550200000000	0.000948003961	0.000005015963	-0.000384467263	0.000161925585	0.008337874699	300.000000000000	0.002282777532	0.008329770591	0.000620657872	0.000854230923	1497.485113899993	-0.000152789290	-0.000388184736	-0.000000063653	-0.000000165795	-0.000024998552	0.000068515542	-0.000000193395	-0.000000174418
215644038.000000000000	96.044997000000	14.601300000000	0.001089244366	-0.000000731067	-0.000386238722	0.000163080152	0.008254386599	300.000000000000	0.002286323082	0.008239417499	0.000623125079	0.000852803073	1502.159514630272	-0.000153904928	-0.000389988208	0.000000175077	0.000000276909	-0.000024540729	0.000067836202	-0.000000248394	0.000000149357
215644354.000000000000	96.044997000000	14.650300000000	0.001384009879	0.000005075427	-0.000388443515	0.000164248599	0.008185281567	300.000000000000	0.002284825126	0.008161018605	0.000626589067	0.000855285713	1506.639982914885	-0.000155017928	-0.000392219883	-0.000000069161	0.000000029890	-0.000024657771	0.000065738160	0.000000234521	0.000000084028
215644696.000000000000	96.044997000000	14.701000000000	0.002127083326	0.000004435820	-0.000390594170	0.000164422926	0.008143240122	300.000000000000	0.002284136143	0.008126733056	0.000632270135	0.000858323421	1511.274006311753	-0.000155143800	-0.000394367408	0.000000219992	-0.000000140220	-0.000024361061	0.000062972411	0.000000003174	-0.000000247971
215645016.000000000000	96.044997000000	14.750100000000	0.003051446380	0.000004455621	-0.000392717270	0.000165351885	0.008144629124	300.000000000000	0.002285258643	0.008124062559	0.000638900619	0.000859042402	1515.759956548563	-0.000156024008	-0.000396515963	-0.000000031429	0.000000060029	-0.000024514077	0.000061056555	0.000000231428	-0.000000042320
215645367.000000000000	96.044997000000	14.801100000000	0.003628921653	0.000005639478	-0.000394921786	0.000166836991	0.008069987142	300.000000000000	0.002284511600	0.008047236046	0.000647593319	0.000861324408	1520.417589256951	-0.000157453015	-0.000398758464	0.000000003385	0.000000028421	-0.000024185856	0.000059342776	-0.000000092742	-0.000000126801
215645766.000000000000	96.044997000000	14.850400000000	0.003132120146	0.000005717623	-0.000395048982	0.000166581796	0.007993911564	300.000000000000	0.002284654816	0.007982971510	0.000651004088	0.000862891159	1524.918119314027	-0.000157194668	-0.000398884313	0.000000196880	0.000000177061	-0.000024606222	0.000060767213	-0.000000049580	0.000000097985
215646129.000000000000	96.044997000000	14.901200000000	0.002225943992	0.000004195899	-0.000393342612	0.000165546233	0.007956553465	300.000000000000	0.002284333548	0.007923685031	0.000649265442	0.000862833151	1529.553681796082	-0.000156194773	-0.000397145749	0.000000152783	0.000000202239	-0.000024027675	0.000062151068	-0.000000005780	-0.000000018901
215646540.000000000000	96.044997000000	14.950700000000	0.001566917632	0.000007104739	-0.000391596654	0.000164153778	0.007916323501	300.000000000000	0.002284836738	0.007902919342	0.000646234652	0.000861882670	1534.068762200070	-0.000154845858	-0.000395365072	-0.000000187083	0.000000029992	-0.000023985329	0.000063156937	0.000000154576	0.000000214059
215646875.000000000000	96.044997000000	15.000900000000	0.001128885979	0.000005209564	-0.000391316663	0.000163668914	0.007871015306	300.000000000000	0.002284252264	0.007858462047	0.000643032499	0.000859584698	1538.645821890908	-0.000154372492	-0.000395076346	-0.000000223219	-0.000000237347	-0.000023228988	0.000063313664	-0.000000197366	0.000000354695
215647334.000000000000	96.044997000000	15.050400000000	0.000869618697	0.000004682991	-0.000390678487	0.000164215777	0.007844293130	300.000000000000	0.002284832867	0.007837696409	0.000641586022	0.000857386244	1543.157213910899	-0.000154934863	-0.000394448686	0.000000033070	0.000000172209	-0.000022808379	0.000063305851	0.000000524746	-0.000000108178
215647693.000000000000	96.044997000000	15.100600000000	0.000754876031	0.000005031667	-0.000391500612	0.000164837681	0.007798857985	300.000000000000	0.002284085824	0.007780041174	0.000641647223	0.000856122839	1547.730533315043	-0.000155534410	-0.000395292111	-0.000000221620	0.000000012554	-0.000022610572	0.000062790273	0.000000185311	0.000000027411
215648023.000000000000	96.044997000000	15.151100000000	0.000685066624	0.000002316206	-0.000390775405	0.000164019825	0.007761599760	300.000000000000	0.002284960600	0.007730988300	0.000642997907	0.000856881201	1552.329283322642	-0.000154736495	-0.000394544588	0.000000155602	0.000000244645	-0.000022402370	0.000062349743	-0.000000040952	-0.000000256280
215648380.000000000000	96.044997000000	15.200800000000	0.000683646552	0.000003971451	-0.000391054551	0.000165078100	0.007712971123	300.000000000000	0.002284058729	0.007699135382	0.000644274085	0.000856581049	1556.853321369699	-0.000155786281	-0.000394845536	-0.000000114985	-0.000000124782	-0.000022109284	0.000062046491	-0.000000047211	0.000000231575
215648712.000000000000	96.044997000000	15.250400000000	0.000728058586	0.000005043017	-0.000391526744	0.000163949313	0.007667871320	300.000000000000	0.002284832867	0.007656457183	0.000644794029	0.000855841845	1561.366416801404	-0.000154647394	-0.000395295216	0.000000581760	0.000000094380	-0.000021875312	0.000061458659	-0.000000024251	-0.000000319884
215649050.000000000000	96.044997000000	15.300900000000	0.000760977956	0.000004413840	-0.000392009912	0.000164549249	0.007643816543	300.000000000000	0.002284496117	0.007626184536	0.000645531104	0.000854443265	1565.959514813219	-0.000155234049	-0.000395788853	0.000000040099	-0.000000162304	-0.000021859539	0.000060817647	0.000000049358	0.000000062617
215649401.000000000000	96.044997000000	15.350600000000	0.000750263300	0.000004484607	-0.000391949564	0.000165097447	0.007614544475	300.000000000000	0.002285173488	0.007600176722	0.000647656649	0.000851497624	1570.477990804493	-0.000155786624	-0.000395748049	-0.000000212368	-0.000000122362	-0.000021491489	0.000060846940	-0.000000102006	0.000000041372
215649822.000000000000	96.044997000000	15.401200000000	0.000689137870	0.000001354254	-0.000391720418	0.000164801122	0.007568966797	300.000000000000	0.002285250902	0.007548689424	0.000650033916	0.000852119748	1575.076394800479	-0.000155491615	-0.000395508854	0.000000173723	0.000000055085	-0.000021396890	0.000060043666	-0.000000007307	0.000000090375
215650142.000000000000	96.044997000000	15.450000000000	0.000626381964	0.000000088863	-0.000392512680	0.000165311423	0.007543466410	300.000000000000	0.002282847204	0.007521834352	0.000650436780	0.000853103225	1579.509407670679	-0.000155986102	-0.000396303546	0.000000141845	-0.000000027883	-0.000021455331	0.000059870411	-0.000000036259	0.000000267341
215650493.000000000000	96.044997000000	15.501300000000	0.000582585940	0.000003420952	-0.000392314399	0.000165214459	0.007506964945	300.000000000000	0.002283122023	0.007497812606	0.000650615593	0.000851994685	1584.167604003738	-0.000155893021	-0.000396110866	0.000000175247	0.000000079794	-0.000021350839	0.000059226402	-0.000000066355	0.000000224267
215650875.000000000000	96.044997000000	15.550000000000	0.000561054713	0.000003842154	-0.000394274890	0.000165741178	0.007463465084	300.000000000000	0.002284852221	0.007436339149	0.000651693267	0.000852604036	1588.587893952255	-0.000156372208	-0.000398080113	-0.000000142118	-0.000000139497	-0.000021133867	0.000059058978	0.000000167837	-0.000000200247
215651194.000000000000	96.044997000000	15.601400000000	0.000524304229	0.000006752305	-0.000394721832	0.000165763500	0.007385577186	300.000000000000	0.002283691014	0.007361883365	0.000656457381	0.000856563487	1593.251330261703	-0.000156387284	-0.000398532855	0.000000248777	-0.000000261386	-0.000021082775	0.000058435519	0.000000254400	0.000000049891
215651720.000000000000	96.044997000000	15.650300000000	0.000504411192	0.000003720045	-0.000395127472	0.000166883735	0.007307937092	300.000000000000	0.002284035505	0.007284673658	0.000658099170	0.000857090350	1597.686114616619	-0.000157497397	-0.000398959958	0.000000181409	0.000000295233	-0.000020394794	0.000057897526	-0.000000106330	-0.000000240377
215652064.000000000000	96.044997000000	15.701200000000	0.000495161795	0.000002781687	-0.000396049831	0.000166503807	0.007235017309	300.000000000000	0.002284890928	0.007230296313	0.000658624968	0.000854334167	1602.300384382108	-0.000157090244	-0.000399872867	0.000000104345	-0.000000294240	-0.000020578234	0.000057698452	0.000000103388	0.000000086625
215652462.000000000000	96.044997000000	15.750300000000	0.000502614381	0.000000863906	-0.000395485616	0.000165977079	0.007189274225	300.000000000000	0.002284925764	0.007166849150	0.000661090046	0.000854138323	1606.749644791893	-0.000156586627	-0.000399297662	0.000000184678	-0.000000186064	-0.000020208657	0.000056548035	-0.000000241498	-0.000000210311
215652779.000000000000	96.044997000000	15.800600000000	0.000504527911	0.000003364998	-0.000397160379	0.000165951324	0.007134952020	300.000000000000	0.002284751583	0.007119546698	0.000662216680	0.000853613057	1611.305778563936	-0.000156511423	-0.000400977419	0.000000163251	0.000000281282	-0.000020215065	0.000056461759	-0.000000202916	0.000000343099
215653086.000000000000	96.044997000000	15.851300000000	0.000528048342	0.000000754208	-0.000396968474	0.000166846400	0.007075293087	300.000000000000	0.002280246101	0.007070531765	0.000665431606	0.000854865819	1615.896232852841	-0.000157410642	-0.000400801820	-0.000000095938	-0.000000024968	-0.000019717224	0.000055973936	-0.000000010365	0.000000064677
215653453.000000000000	96.044997000000	15.900700000000	0.000527342567	0.000002702202	-0.000397155757	0.000166789676	0.007053144291	300.000000000000	0.002283772299	0.007030273564	0.000665119746	0.000855922737	1620.367137771824	-0.000157351618	-0.000400986326	-0.000000364412	0.000000076065	-0.000019984049	0.000055178481	0.000000384395	-0.000000091604
215653819.000000000000	96.044997000000	15.950800000000	0.000523021231	0.000004144019	-0.000397259700	0.000167095098	0.007007120701	300.000000000000	0.002282734954	0.006980379561	0.000664420988	0.000854655606	1624.899535403534	-0.000157656361	-0.000401098232	0.000000135113	-0.000000240177	-0.000019596938	0.000054899811	0.000000416806	0.000000018382
215654197.000000000000	96.044997000000	16.000800000000	0.000534188671	-0.000000282906	-0.000397236663	0.000167094145	0.006952302527	300.000000000000	0.002282700118	0.006941412804	0.000667210698	0.000853357609	1629.421018816114	-0.000157654559	-0.000401078882	0.000000197647	0.000000056262	-0.000019253791	0.000054408697	0.000000106070	0.000000017691
215654559.000000000000	96.044997000000	16.050800000000	0.000562624465	0.000003274035	-0.000399395226	0.000168163393	0.006888810074	300.000000000000	0.002283609730	0.006861595752	0.000668820024	0.000853545470	1633.940636734604	-0.000158671211	-0.000403257738	-0.000000312942	0.000000105833	-0.000019335339	0.000053858791	-0.000000101558	-0.000000130213
215654905.000000000000	96.044997000000	16.101000000000	0.000635139852	0.000005002304	-0.000400838335	0.000168027810	0.006805485455	300.000000000000	0.002284763195	0.006797639236	0.000672723596	0.000855692301	1638.476456582837	-0.000158507892	-0.000404698482	0.000000099946	-0.000000122682	-0.000018989691	0.000053441215	0.000000009465	-0.000000007171
215655209.000000000000	96.044997000000	16.150200000000	0.000800227391	0.000002138449	-0.000401189203	0.000168168707	0.006784762639	300.000000000000	0.002283927126	0.006769011390	0.000675100863	0.000858063715	1642.920097133501	-0.000158635411	-0.000405053756	-0.000000323073	0.000000065072	-0.000019349357	0.000053647723	0.000000331252	0.000000213122
215655583.000000000000	96.044997000000	16.200900000000	0.001063796898	0.000003022034	-0.000400925826	0.000168127812	0.006753275745	300.000000000000	0.002284128402	0.006733528181	0.000677946453	0.000856964754	1647.497325297731	-0.000158600418	-0.000404785949	-0.000000047193	-0.000000316179	-0.000019046536	0.000052182103	0.000000134929	0.000000327146
215655919.000000000000	96.044997000000	16.250400000000	0.001477000874	-0.000001004657	-0.000401505710	0.000168174386	0.006733080436	300.000000000000	0.002282367239	0.006711463690	0.000679159833	0.000856253756	1651.964366805923	-0.000158640741	-0.000405370054	0.000000090567	0.000000036380	-0.000019484900	0.000051068907	-0.000000194935	0.000000130722
215656252.000000000000	96.044997000000	16.300300000000	0.001977246252	0.000005406397	-0.000402152047	0.000168554075	0.006685826251	300.000000000000	0.002284809643	0.006672425982	0.000681456209	0.000855613538	1656.465655828260	-0.000158996691	-0.000406022298	-0.000000041466	-0.000000231033	-0.000019474075	0.000050133019	-0.000000082640	-0.000000162104
215656587.000000000000	96.044997000000	16.351000000000	0.002527128010	0.000007493746	-0.000403842525	0.000169337211	0.006641379700	300.000000000000	0.002283965833	0.006631058212	0.000683768018	0.000855392149	1661.037207837981	-0.000159740850	-0.000407739949	-0.000000071014	0.000000116124	-0.000019331139	0.000048653527	0.000000097214	-0.000000071536
215656907.000000000000	96.044997000000	16.400400000000	0.003036560360	0.000005959582	-0.000405952028	0.000170371454	0.006624393136	300.000000000000	0.002284561919	0.006617664439	0.000689160642	0.000856853528	1665.489696743318	-0.000160728017	-0.000409861271	-0.000000342346	0.000000082217	-0.000019791275	0.000047409765	-0.000000220089	0.000000094860
215657233.000000000000	96.044997000000	16.451400000000	0.003289395833	0.000005895738	-0.000406352499	0.000170387947	0.006592325697	300.000000000000	0.002284128402	0.006573559305	0.000692304255	0.000859179173	1670.084486744023	-0.000160729712	-0.000410263058	-0.000000098496	-0.000000079247	-0.000019897465	0.000047075451	0.000000085415	0.000000099773
215657570.000000000000	96.044997000000	16.500400000000	0.002816142924	0.000002942054	-0.000405024315	0.000170578658	0.006572402791	300.000000000000	0.002284047117	0.006557775670	0.000692791203	0.000859613968	1674.497262169440	-0.000160954457	-0.000408945687	0.000000450178	-0.000000041176	-0.000019849933	0.000048293734	-0.000000071350	0.000000026629
215657883.000000000000	96.044997000000	16.550800000000	0.002023599750	0.000007525945	-0.000404433343	0.000169925251	0.006541715279	300.000000000000	0.002285448307	0.006521748736	0.000689783830	0.000860190856	1679.034249414435	-0.000160319072	-0.000408332685	-0.000000023094	0.000000105295	-0.000019497490	0.000050622387	-0.000000211828	-0.000000266067
215658255.000000000000	96.044997000000	16.600900000000	0.001425324753	0.000005998301	-0.000400830246	0.000168313580	0.006523847586	300.000000000000	0.002284565790	0.006517498924	0.000684366193	0.000858412828	1683.542354051286	-0.000158793459	-0.000404696627	-0.000000370564	-0.000000031260	-0.000019161608	0.000051560254	-0.000000004108	0.000000136744
215658639.000000000000	96.044997000000	16.650400000000	0.001100759956	0.000007134426	-0.000401294897	0.000167695452	0.006511540041	300.000000000000	0.002284724488	0.006496556136	0.000679700533	0.000856670988	1687.994631932708	-0.000158158305	-0.000405144489	0.000000092652	0.000000112238	-0.000018943197	0.000051550703	0.000000261768	-0.000000314570
215658996.000000000000	96.044997000000	16.700700000000	0.000848555304	0.000005926821	-0.000402405258	0.000168236559	0.006505175593	300.000000000000	0.002285262514	0.006492555352	0.000678459479	0.000858505428	1692.516995072679	-0.000158680172	-0.000406267504	-0.000000009749	-0.000000006301	-0.000019091743	0.000052185037	0.000000285221	-0.000000053709
215659380.000000000000	96.044997000000	16.750600000000	0.000688316693	0.000006814399	-0.000400624436	0.000168029326	0.006490316420	300.000000000000	0.002286698539	0.006476868909	0.000677722936	0.000858214855	1697.001531954200	-0.000158510642	-0.000404488433	-0.000000133002	-0.000000351338	-0.000018830513	0.000051979074	-0.000000192719	0.000000093262
215659724.000000000000	96.044997000000	16.801200000000	0.000577919702	0.000007128412	-0.000401266638	0.000168441207	0.006479683127	300.000000000000	0.002283857454	0.006466066646	0.000680905398	0.000856277172	1701.547083428983	-0.000158908614	-0.000405136108	-0.000000115283	0.000000211394	-0.000018901850	0.000051846350	-0.000000392861	0.000000094397
215660066.000000000000	96.044997000000	16.850300000000	0.000505288275	0.000004085739	-0.000402756405	0.000167731738	0.006468118283	300.000000000000	0.002283872936	0.006449847966	0.000681323163	0.000857904060	1705.956061592115	-0.000158161377	-0.000406615593	-0.000000065247	0.000000027345	-0.000018946346	0.000051921153	0.000000344146	0.000000065055
215660495.000000000000	96.044997000000	16.901000000000	0.000455787592	0.000005675767	-0.000402873008	0.000168276211	0.006431221665	300.000000000000	0.002283574893	0.006420901566	0.000680711683	0.000857361232	1710.506828281501	-0.000158703409	-0.000406741323	-0.000000206839	0.000000105105	-0.000018277174	0.000051806172	-0.000000130947	-0.000000148954
215660849.000000000000	96.044997000000	16.950800000000	0.000418865210	0.000006326881	-0.000402527926	0.000167856496	0.006409395475	300.000000000000	0.002283958092	0.006405620203	0.000680778206	0.000856471419	1714.974947890190	-0.000158289131	-0.000406378323	-0.000000069073	-0.000000136986	-0.000017944690	0.000051487876	-0.000000032780	-0.000000250339
215661204.000000000000	96.044997000000	17.001300000000	0.000381533313	0.000007707116	-0.000401943656	0.000168001750	0.006404565455	300.000000000000	0.002284302583	0.006395921279	0.000682458312	0.000854882317	1719.503985899035	-0.000158449796	-0.000405798785	-0.000000086246	-0.000000200416	-0.000018496411	0.000051145756	-0.000000199717	0.000000067272
