214776134.000000000000	96.044815000000	7.996800000000	0.000291775978	-0.000118448684	0.000142441738	-0.000017271782	0.002249649851	300.000000000000	0.002283636824	0.001661703616	-0.000008379808	0.000002931571	881.803625825925	0.000003310970	0.000003390918	-0.000000217406	0.000000050133	0.000000163678	-0.000000236514	-0.000000033750	-0.000000014205
214776456.000000000000	96.044881000000	8.051300000000	0.000252516246	-0.000101780800	0.000142421448	-0.000017762613	0.002317679274	300.000000000000	0.002282572385	0.002312755651	-0.000008236617	0.000002360204	887.056445997439	0.000003365173	0.000003078648	0.000000166898	-0.000000051065	0.000000294959	-0.000000245185	0.000000273836	-0.000000154551
214776777.000000000000	96.044980000000	8.100500000000	0.000256856478	-0.000103028117	0.000142044512	-0.000017368286	0.002405361051	300.000000000000	0.002282882040	0.002397686005	-0.000008082250	0.000000782311	891.796533275954	0.000003344968	0.000003194234	0.000000204849	-0.000000373407	-0.000000176831	0.000000091458	0.000000337941	0.000000042625
214777109.000000000000	96.044997000000	8.150800000000	0.000254767629	-0.000101797690	0.000142602264	-0.000017420871	0.002487041767	300.000000000000	0.002281306670	0.002475201631	-0.000005654991	0.000001374632	896.640726167778	0.000003394418	0.000003037244	-0.000000023345	-0.000000188579	-0.000000130622	-0.000000294952	0.000000273130	0.000000145956
214777518.000000000000	96.044997000000	8.200300000000	0.000249113154	-0.000094743530	0.000142756638	-0.000017351026	0.002565033373	300.000000000000	0.002283509092	0.002561810350	-0.000005644513	0.000002547400	901.406026401903	0.000003453017	0.000003177112	-0.000000115158	-0.000000108660	0.000000284049	-0.000000418095	-0.000000070759	0.000000124725
214777879.000000000000	96.044997000000	8.250600000000	0.000258231414	-0.000099833387	0.000142709484	-0.000016887826	0.002647786691	300.000000000000	0.002283698755	0.002642822255	-0.000006205402	0.000002376270	906.246463773496	0.000003307543	0.000003486294	-0.000000532571	0.000000200507	0.000000167923	-0.000000329408	0.000000116018	0.000000048292
214778234.000000000000	96.044997000000	8.300500000000	0.000269058148	-0.000110691565	0.000142603803	-0.000017080423	0.002730815662	300.000000000000	0.002282181445	0.002727885645	-0.000005819136	0.000003917841	911.046538143368	0.000003533669	0.000003097298	-0.000000173844	0.000000239381	0.000000238267	-0.000000291739	-0.000000125926	-0.000000138926
214778563.000000000000	96.044997000000	8.350600000000	0.000258820864	-0.000102209947	0.000142493613	-0.000017338572	0.002808641878	300.000000000000	0.002282456264	0.002802305700	-0.000006153714	0.000003688037	915.863976974531	0.000003136535	0.000002921027	0.000000138496	-0.000000232715	0.000000073503	-0.000000100119	-0.000000183641	-0.000000282111
214778918.000000000000	96.044997000000	8.400800000000	0.000257890712	-0.000108156974	0.000142047105	-0.000016788863	0.002926659010	300.000000000000	0.002282196928	0.002918427807	-0.000006229850	0.000002564164	920.689147657251	0.000003212745	0.000003414749	-0.000000618810	0.000000021591	0.000000131499	-0.000000438325	-0.000000137845	0.000000143075
214779243.000000000000	96.044997000000	8.451000000000	0.000237900659	-0.000092859630	0.000142796016	-0.000016690815	0.003021147824	300.000000000000	0.002280497696	0.003009449512	-0.000005619368	0.000002599787	925.512432562922	0.000003618429	0.000003399990	0.000000165383	0.000000124582	-0.000000093919	-0.000000520978	-0.000000030864	-0.000000025802
214779561.000000000000	96.044997000000	8.500200000000	0.000230366691	-0.000091914504	0.000141987013	-0.000017307353	0.003106246313	300.000000000000	0.002280567368	0.003097813819	-0.000005782815	0.000000850763	930.237806194236	0.000003769968	0.000003170955	0.000000115060	0.000000134825	0.000000021048	-0.000000193206	-0.000000198271	-0.000000280395
214779896.000000000000	96.044997000000	8.551300000000	0.000220639340	-0.000089126490	0.000142521085	-0.000017174622	0.003174859523	300.000000000000	0.002282193058	0.003168479541	-0.000006911578	0.000000484055	935.143745887799	0.000003567146	0.000003073996	0.000000147758	0.000000145082	0.000000180462	-0.000000275722	0.000000203714	0.000000035457
214780224.000000000000	96.044997000000	8.600300000000	0.000222694645	-0.000089780850	0.000142684635	-0.000016868625	0.003247442251	300.000000000000	0.002279456481	0.003234232775	-0.000008660601	0.000002166023	939.846236131934	0.000003417757	0.000002753657	-0.000000213565	0.000000134342	0.000000107489	-0.000000019252	-0.000000154050	0.000000092884
214780545.000000000000	96.045013000000	8.650900000000	0.000224244136	-0.000090463329	0.000142677891	-0.000016788535	0.003335227838	300.000000000000	0.002283067833	0.003330240161	-0.000007902039	0.000002961606	944.700391025599	0.000003484444	0.000002922290	0.000000067893	0.000000125554	0.000000283779	-0.000000245930	-0.000000251548	0.000000169361
214780863.000000000000	96.045013000000	8.700900000000	0.000215734703	-0.000082939561	0.000143179515	-0.000016806555	0.003418937770	300.000000000000	0.002283613600	0.003408884372	-0.000006393297	0.000003290595	949.495104277208	0.000003360564	0.000002772802	-0.000000183295	-0.000000022649	0.000000495771	-0.000000027673	0.000000120385	-0.000000034328
214781196.000000000000	96.045013000000	8.750600000000	0.000217240101	-0.000087098248	0.000143371926	-0.000017158306	0.003497936428	300.000000000000	0.002282080808	0.003486314283	-0.000004551373	0.000002066139	954.259194701053	0.000003780194	0.000003402529	0.000000081400	-0.000000088891	0.000000148082	-0.000000528421	-0.000000020151	0.000000247916
214781608.000000000000	96.045013000000	8.800100000000	0.000220667657	-0.000089065944	0.000143273585	-0.000018142383	0.003577870092	300.000000000000	0.002280652523	0.003569630772	-0.000005316921	0.000002397224	959.002275825746	0.000003223336	0.000002927452	0.000000142271	-0.000000132755	0.000000206718	-0.000000076052	-0.000000066293	0.000000079501
214781899.000000000000	96.045013000000	8.851000000000	0.000219914990	-0.000086527837	0.000143465426	-0.000017853021	0.003629717502	300.000000000000	0.002285556686	0.003621551662	-0.000007283175	0.000003402354	963.877591858320	0.000003722288	0.000003304040	-0.000000202137	-0.000000200943	0.000000010336	-0.000000199404	-0.000000065106	0.000000102494
214782252.000000000000	96.045013000000	8.900400000000	0.000224777017	-0.000088376751	0.000143338023	-0.000017627880	0.003687788242	300.000000000000	0.002284124531	0.003668711077	-0.000008071074	0.000003147405	968.607379824620	0.000003831869	0.000003061960	0.000000162960	0.000000021452	0.000000286097	-0.000000251518	0.000000005727	0.000000052400
214782572.000000000000	96.045013000000	8.951300000000	0.000226757535	-0.000090378647	0.000143386090	-0.000017611855	0.003720266318	300.000000000000	0.002281693739	0.003710805001	-0.000007704366	0.000003593042	973.478873725981	0.000003902244	0.000002544610	0.000000090540	-0.000000121264	0.000000504209	-0.000000077878	-0.000000259393	-0.000000229319
214782891.000000000000	96.045013000000	9.000300000000	0.000230955634	-0.000092489226	0.000142941398	-0.000016693180	0.003766052049	300.000000000000	0.002285014790	0.003754947052	-0.000007480150	0.000003406545	978.166691531018	0.000003502483	0.000002837773	0.000000051124	-0.000000126911	0.000000388299	-0.000000061199	0.000000019584	0.000000086804
214783210.000000000000	96.045013000000	9.051100000000	0.000233754405	-0.000094300549	0.000143147995	-0.000017317118	0.003830754945	300.000000000000	0.002285990203	0.003823365019	-0.000006551156	0.000003145309	983.024816879599	0.000003448790	0.000002908042	-0.000000087757	-0.000000128424	0.000000188706	-0.000000147476	0.000000233184	-0.000000123414
214783596.000000000000	96.044997000000	9.100500000000	0.000233853736	-0.000090416525	0.000143014365	-0.000017448089	0.003933821094	300.000000000000	0.002284879315	0.003919531216	-0.000004713424	0.000003088033	987.747203708926	0.000003350742	0.000002955171	0.000000022610	-0.000000281057	0.000000165346	0.000000037207	-0.000000040962	0.000000150512
214783949.000000000000	96.044997000000	9.150700000000	0.000237265946	-0.000095973181	0.000143156067	-0.000018352163	0.004021617092	300.000000000000	0.002283284592	0.004018290049	-0.000006135553	0.000004739268	992.544194453249	0.000003212518	0.000002989010	-0.000000029770	0.000000054901	0.000000210843	0.000000098230	0.000000182258	-0.000000156796
214784274.000000000000	96.044997000000	9.200600000000	0.000237341489	-0.000089649332	0.000142842550	-0.000017484272	0.004112184528	300.000000000000	0.002283327169	0.004108955265	-0.000006320653	0.000004203524	997.310647709690	0.000003669348	0.000003159793	0.000000024717	0.000000279696	0.000000070085	-0.000000123574	-0.000000118617	0.000000164042
214784602.000000000000	96.044997000000	9.250700000000	0.000254025446	-0.000097164976	0.000142749545	-0.000017289104	0.004190073108	300.000000000000	0.002282715601	0.004184789390	-0.000006428221	0.000003047520	1002.094329082795	0.000003411390	0.000002663776	-0.000000123918	0.000000305458	0.000000305956	-0.000000407997	0.000000294419	-0.000000079678
214784965.000000000000	96.044997000000	9.300300000000	0.000285491948	-0.000114379456	0.000143079528	-0.000017664810	0.004270748676	300.000000000000	0.002284023893	0.004258583377	-0.000005766749	0.000003568595	1006.828417444791	0.000003394454	0.000002704736	-0.000000329371	-0.000000120019	0.000000076059	-0.000000521160	-0.000000153704	0.000000007597
214785345.000000000000	96.044997000000	9.350700000000	0.000328041081	-0.000128601882	0.000143037873	-0.000017268058	0.004351626845	300.000000000000	0.002282162092	0.004347588338	-0.000006783754	0.000003319234	1011.636974794828	0.000003523381	0.000003209031	0.000000200978	0.000000171516	0.000000069752	-0.000000114719	-0.000000319256	0.000000015373
214785678.000000000000	96.044997000000	9.400900000000	0.000409317732	-0.000165463491	0.000142478439	-0.000016787878	0.004424700020	300.000000000000	0.002286330824	0.004414649434	-0.000007259427	0.000002817716	1016.424559436049	0.000003701047	0.000003261515	-0.000000049096	0.000000072799	0.000000192018	-0.000000185585	-0.000000044178	0.000000076612
214786020.000000000000	96.044997000000	9.451100000000	0.000538702453	-0.000216959179	0.000143070582	-0.000016757381	0.004520028663	300.000000000000	0.002283660049	0.004514828180	-0.000007258030	0.000002372777	1021.210256640114	0.000003643811	0.000003074915	-0.000000145564	0.000000292621	0.000000074705	-0.000000291019	0.000000185785	0.000000055300
214786390.000000000000	96.044997000000	9.500400000000	0.000670895441	-0.000271977339	0.000143210787	-0.000016328476	0.004613936735	300.000000000000	0.002284530953	0.004603670825	-0.000006656628	0.000003541354	1025.908317448424	0.000003247041	0.000002754484	0.000000082980	-0.000000012183	-0.000000064843	-0.000000029296	-0.000000019316	0.000000082949
214786776.000000000000	96.044997000000	9.550700000000	0.000737407647	-0.000297215122	0.000143336527	-0.000017016594	0.004718151182	300.000000000000	0.002281283446	0.004715024567	-0.000005451730	0.000003638444	1030.699797357855	0.000003237387	0.000003188152	0.000000129244	-0.000000014383	-0.000000428852	-0.000000425078	0.000000026200	0.000000045217
214787093.000000000000	96.044997000000	9.600800000000	0.000693079843	-0.000282533546	0.000143484330	-0.000017846479	0.004803895250	300.000000000000	0.002283211049	0.004797252305	-0.000005466398	0.000003181631	1035.470341798728	0.000003875478	0.000003521674	0.000000059883	0.000000015704	-0.000000497159	-0.000000505679	-0.000000192543	0.000000089744
214787413.000000000000	96.044997000000	9.650600000000	0.000605458116	-0.000244667974	0.000142563021	-0.000016503058	0.004906231511	300.000000000000	0.002281856308	0.004891624395	-0.000005182810	0.000002863118	1040.210456796658	0.000003486790	0.000003217923	-0.000000086927	0.000000042823	-0.000000113112	-0.000000377283	-0.000000116031	-0.000000242075
214787741.000000000000	96.044997000000	9.700700000000	0.000531667401	-0.000212818286	0.000142949097	-0.000016674251	0.004946624633	300.000000000000	0.002280393187	0.004938575565	-0.000006233342	0.000003152993	1044.977252116360	0.000003244394	0.000002730761	-0.000000239104	0.000000054588	0.000000017820	-0.000000418200	-0.000000000726	-0.000000126478
214788067.000000000000	96.044997000000	9.750200000000	0.000496965726	-0.000198045263	0.000142610240	-0.000016128730	0.005021311043	300.000000000000	0.002283520704	0.005012577155	-0.000005741604	0.000004189555	1049.685113439589	0.000003516157	0.000002907711	0.000000151447	0.000000108293	-0.000000292209	-0.000000163201	-0.000000032728	0.000000194856
214788372.000000000000	96.044997000000	9.800700000000	0.000487354358	-0.000197122989	0.000142961748	-0.000016038448	0.005096636555	300.000000000000	0.002284105178	0.005081836794	-0.000007237075	0.000002977671	1054.486191522154	0.000003547584	0.000003080041	0.000000096369	0.000000139624	-0.000000154975	-0.000000247461	-0.000000449679	-0.000000234221
214788753.000000000000	96.044997000000	9.850500000000	0.000486113416	-0.000194858529	0.000142967395	-0.000015485352	0.005172988177	300.000000000000	0.002285676677	0.005165227355	-0.000007163035	0.000000956934	1059.218849032110	0.000003215212	0.000003004431	0.000000019400	0.000000032185	0.000000113251	-0.000000287751	0.000000168167	0.000000021574
214789069.000000000000	96.044997000000	9.900800000000	0.000470814815	-0.000190074789	0.000143014828	-0.000016841763	0.005242774054	300.000000000000	0.002286814660	0.005231720699	-0.000005993061	0.000002118526	1063.997137144161	0.000003665848	0.000003082121	-0.000000201690	-0.000000043057	0.000000046881	-0.000000405189	-0.000000106413	-0.000000315162
214789406.000000000000	96.044997000000	9.950800000000	0.000449884504	-0.000181231972	0.000142976996	-0.000016497295	0.005336038878	300.000000000000	0.002285850858	0.005327837268	-0.000005067559	0.000003546244	1068.745047938059	0.000003712077	0.000002702727	0.000000155644	0.000000038666	0.000000005583	-0.000000434749	0.000000161330	-0.000000171678
214789808.000000000000	96.044997000000	10.000300000000	0.000430259617	-0.000172834691	0.000143038886	-0.000018106132	0.005415552388	300.000000000000	0.002284999307	0.005397810881	-0.000005613081	0.000001605134	1073.443634619305	0.000003470302	0.000002824940	-0.000000453918	-0.000000160108	-0.000000119704	-0.000000332297	-0.000000030126	-0.000000000826
214790232.000000000000	96.044997000000	10.051000000000	0.000425548402	-0.000170672877	0.000142785763	-0.000017423302	0.005468557976	300.000000000000	0.002284844479	0.005452179544	-0.000005722046	0.000002066139	1078.254223363465	0.000003539703	0.000002877988	-0.000000170276	-0.000000025747	0.000000148113	-0.000000485786	-0.000000307866	-0.000000125623
214790562.000000000000	96.044997000000	10.100700000000	0.000416059678	-0.000166263115	0.000143129534	-0.000017316669	0.005528100073	300.000000000000	0.002284232910	0.005511678360	-0.000005726237	0.000002538320	1082.968059404582	0.000003194000	0.000003007840	-0.000000055868	-0.000000075840	-0.000000042962	-0.000000420704	0.000000049042	-0.000000266767
214790904.000000000000	96.044997000000	10.151000000000	0.000391097426	-0.000157363762	0.000143198837	-0.000016731311	0.005581818843	300.000000000000	0.002285881824	0.005561478120	-0.000005963724	0.000002439134	1087.736918559536	0.000003723451	0.000003315609	-0.000000220339	0.000000177209	0.000000234915	0.000000011699	-0.000000243086	-0.000000139016
214791237.000000000000	96.044997000000	10.200500000000	0.000362899702	-0.000144574681	0.000143249929	-0.000016585382	0.005608349283	300.000000000000	0.002284105178	0.005602240378	-0.000006203307	0.000001565320	1092.428080328065	0.000003376763	0.000003168619	-0.000000384563	-0.000000215322	0.000000007112	-0.000000532461	0.000000046249	-0.000000108561
214791597.000000000000	96.044997000000	10.250800000000	0.000344020310	-0.000140952778	0.000143143895	-0.000016267245	0.005688407396	300.000000000000	0.002283423937	0.005671361928	-0.000004433328	0.000001054723	1097.193178187823	0.000003579110	0.000002748518	0.000000067276	-0.000000025815	-0.000000142892	-0.000000196475	-0.000000049938	-0.000000210124
214791971.000000000000	96.044997000000	10.300200000000	0.000326662412	-0.000130289151	0.000143454232	-0.000016704730	0.005747730598	300.000000000000	0.002284027764	0.005734620320	-0.000004153932	0.000001694541	1101.871170652046	0.000003358825	0.000002935041	0.000000078387	-0.000000171408	0.000000185349	-0.000000256100	0.000000161754	-0.000000390490
214792326.000000000000	96.044997000000	10.350600000000	0.000318374785	-0.000125475245	0.000143246450	-0.000017914290	0.005824262961	300.000000000000	0.002284252264	0.005820515152	-0.000006021000	0.000001621898	1106.641974853983	0.000003317163	0.000002886310	0.000000030520	-0.000000205299	0.000000363618	0.000000156554	-0.000000068348	-0.000000031673
214792649.000000000000	96.044997000000	10.401100000000	0.000316774128	-0.000130037117	0.000143402183	-0.000017490070	0.005921713879	300.000000000000	0.002284236781	0.005905297154	-0.000008129748	0.000001954380	1111.420335891386	0.000003444620	0.000003024388	-0.000000085971	0.000000279834	0.000000177986	-0.000000434911	0.000000217993	-0.000000081307
214793022.000000000000	96.044997000000	10.450700000000	0.000314146704	-0.000127119882	0.000143190886	-0.000017107003	0.006035894759	300.000000000000	0.002286028910	0.006019061482	-0.000007568160	0.000001563923	1116.111677835881	0.000003254673	0.000002854933	0.000000007976	-0.000000112221	0.000000036412	-0.000000268692	0.000000096172	-0.000000252923
214793347.000000000000	96.044997000000	10.500400000000	0.000318710450	-0.000129351696	0.000143034001	-0.000016892673	0.006108392120	300.000000000000	0.002285665065	0.006095251042	-0.000004462665	0.000002668239	1120.810629069601	0.000003583318	0.000003351154	-0.000000334986	0.000000119590	0.000000028885	-0.000000383392	0.000000066212	-0.000000111988
214793654.000000000000	96.044997000000	10.551200000000	0.000323531181	-0.000130318571	0.000143394200	-0.000017579839	0.006195244730	300.000000000000	0.002285943755	0.006182041774	-0.000005452428	0.000002573943	1125.611668386611	0.000003709563	0.000003397121	-0.000000211903	0.000000024227	0.000000156227	0.000000085265	-0.000000404483	0.000000033780
214793975.000000000000	96.044997000000	10.600400000000	0.000331171061	-0.000138975598	0.000143077910	-0.000017720406	0.006287218233	300.000000000000	0.002287027548	0.006279361384	-0.000004545087	0.000002853340	1130.259650460912	0.000003636620	0.000002792878	0.000000108246	0.000000178278	0.000000106431	-0.000000055537	-0.000000051589	-0.000000225530
214794321.000000000000	96.044997000000	10.651000000000	0.000326983323	-0.000130335900	0.000143132140	-0.000016752059	0.006397863652	300.000000000000	0.002282165963	0.006389787478	-0.000006033573	0.000001464738	1135.038000099377	0.000003179147	0.000002781206	-0.000000231122	0.000000195633	0.000000099410	-0.000000302356	-0.000000058098	-0.000000154325
214794665.000000000000	96.044997000000	10.700600000000	0.000331080824	-0.000134206914	0.000142938004	-0.000016548666	0.006536654754	300.000000000000	0.002283896161	0.006524092456	-0.000005643815	0.000001584878	1139.720053804351	0.000003388037	0.000003302282	0.000000008887	0.000000088746	-0.000000226488	-0.000000265693	-0.000000113369	-0.000000014171
214795010.000000000000	96.044997000000	10.750600000000	0.000337899702	-0.000136035669	0.000142984155	-0.000016254923	0.006671170405	300.000000000000	0.002284685781	0.006670501923	-0.000007165130	0.000001253095	1144.438000068421	0.000003507160	0.000002716227	-0.000000292966	-0.000000195003	0.000000005728	-0.000000282213	-0.000000264063	0.000000240930
214795385.000000000000	96.044997000000	10.800100000000	0.000342057004	-0.000142042962	0.000143212082	-0.000016930225	0.006782955371	300.000000000000	0.002282502713	0.006765221796	-0.000007127412	0.000002407003	1149.106921431929	0.000003425221	0.000003010838	0.000000233627	0.000000067464	0.000000408248	-0.000000088255	-0.000000027245	-0.000000073667
214795804.000000000000	96.044997000000	10.851300000000	0.000345475818	-0.000143279790	0.000143065454	-0.000017409814	0.006925150180	300.000000000000	0.002283307816	0.006909965440	-0.000006790739	0.000003708992	1153.934257739847	0.000003579980	0.000003089546	0.000000323859	-0.000000217876	0.000000227209	-0.000000116185	0.000000031000	0.000000312970
214796186.000000000000	96.044997000000	10.900000000000	0.000345018001	-0.000140356041	0.000142808005	-0.000017215168	0.007021342040	300.000000000000	0.002284194204	0.007009570407	-0.000005349051	0.000002896646	1158.524061333961	0.000003161178	0.000003036888	0.000000148238	-0.000000102025	0.000000048006	-0.000000323776	-0.000000134262	-0.000000028544
214796504.000000000000	96.044997000000	10.951600000000	0.000343970220	-0.000137754765	0.000142436438	-0.000017431136	0.007093333363	300.000000000000	0.002283551669	0.007086515762	-0.000005777227	0.000004028901	1163.385240493113	0.000003609684	0.000003252030	-0.000000314513	0.000000151411	-0.000000047482	-0.000000114179	0.000000161388	-0.000000225133
214796819.000000000000	96.044997000000	11.000300000000	0.000363908053	-0.000148912223	0.000143052934	-0.000016870078	0.007200201627	300.000000000000	0.002285208324	0.007184687239	-0.000006643357	0.000003214460	1167.971383600039	0.000003449569	0.000002960199	-0.000000270243	-0.000000119590	0.000000100747	-0.000000465141	-0.000000194322	0.000000342346
214797173.000000000000	96.044997000000	11.050900000000	0.000373065507	-0.000151461615	0.000143015111	-0.000017229165	0.007281165228	300.000000000000	0.002283396842	0.007252928536	-0.000006748829	0.000003183028	1172.734569510190	0.000003781425	0.000002886199	-0.000000145971	0.000000182669	-0.000000368780	-0.000000233990	-0.000000166929	-0.000000159710
214797500.000000000000	96.044997000000	11.100700000000	0.000397810649	-0.000161584081	0.000142985722	-0.000016018305	0.007383739148	300.000000000000	0.002284631591	0.007364252455	-0.000006002840	0.000001494074	1177.420574672455	0.000003393895	0.000002882849	0.000000407808	-0.000000113622	0.000000044533	-0.000000368580	0.000000017800	-0.000000303414
214797795.000000000000	96.044997000000	11.151000000000	0.000412271228	-0.000164599241	0.000142821199	-0.000016545462	0.007500942498	300.000000000000	0.002282057583	0.007483202470	-0.000006079674	0.000001315959	1182.151741461712	0.000003245353	0.000003193960	-0.000000358399	0.000000113761	-0.000000242874	-0.000000294041	-0.000000026865	-0.000000096525
214798123.000000000000	96.044997000000	11.200900000000	0.000422764619	-0.000169313073	0.000142534520	-0.000015849269	0.007588357992	300.000000000000	0.002279092636	0.007572350753	-0.000005960232	0.000000875909	1186.843411174390	0.000003662616	0.000003404869	0.000000116935	-0.000000115377	-0.000000273815	-0.000000507833	0.000000173484	-0.000000114649
214798427.000000000000	96.044997000000	11.250200000000	0.000456687868	-0.000187773817	0.000142555220	-0.000016968299	0.007703098892	300.000000000000	0.002281987911	0.007681745228	-0.000005362323	0.000001568813	1191.476835542777	0.000003668740	0.000002933438	0.000000008966	-0.000000284325	-0.000000106341	-0.000000135207	-0.000000243752	-0.000000168202
214798776.000000000000	96.044997000000	11.301200000000	0.000496011493	-0.000201210956	0.000142661509	-0.000018474601	0.007758086137	300.000000000000	0.002283087187	0.007750202751	-0.000006187940	0.000000565080	1196.268116477919	0.000003201316	0.000003101910	0.000000252934	0.000000144701	-0.000000121871	-0.000000388118	0.000000068348	-0.000000288388
214799116.000000000000	96.044997000000	11.350300000000	0.000554069042	-0.000224568494	0.000143091602	-0.000017103282	0.007803950400	300.000000000000	0.002282974937	0.007777224175	-0.000005833805	-0.000000396743	1200.879057115562	0.000003636430	0.000003023662	0.000000169746	0.000000418724	-0.000000054136	-0.000000320569	-0.000000006092	-0.000000122734
214799457.000000000000	96.044997000000	11.400900000000	0.000639713582	-0.000257753561	0.000142850053	-0.000016106988	0.007856092818	300.000000000000	0.002281376342	0.007835132901	-0.000007258030	-0.000000366010	1205.628971255224	0.000003521668	0.000003449243	-0.000000186279	-0.000000047270	0.000000013459	-0.000000421852	-0.000000168633	0.000000154110
214799841.000000000000	96.044997000000	11.450700000000	0.000852595663	-0.000351386604	0.000143218970	-0.000017423220	0.007930602152	300.000000000000	0.002282162092	0.007902502962	-0.000006757909	0.000001199311	1210.301914506430	0.000003258403	0.000003210349	-0.000000349481	0.000000163677	-0.000000454456	-0.000000769242	0.000000358320	-0.000000088703
214800183.000000000000	96.044997000000	11.500100000000	0.001098101848	-0.000446068269	0.000143249740	-0.000018498031	0.007986927745	300.000000000000	0.002283466514	0.007969476469	-0.000006954884	0.000001924345	1214.935487915596	0.000003249678	0.000002898235	0.000000021203	0.000000214752	-0.000000612077	-0.000000681594	-0.000000061806	-0.000000137274
214800524.000000000000	96.044997000000	11.551500000000	0.001202512712	-0.000490318081	0.000143227919	-0.000018086996	0.008050462702	300.000000000000	0.002282874299	0.008037669655	-0.000006868271	0.000002636807	1219.754714089097	0.000003432973	0.000003057034	-0.000000209622	-0.000000181994	-0.000000786624	-0.000000922314	-0.000000176662	-0.000000168725
214800858.000000000000	96.044997000000	11.600400000000	0.001041409839	-0.000420023561	0.000143041860	-0.000017601240	0.008127927346	300.000000000000	0.002284000669	0.008096083369	-0.000006516930	0.000001459848	1224.337704398384	0.000003636399	0.000003497052	-0.000000006917	0.000000036065	-0.000000765244	-0.000000685733	-0.000000079767	0.000000301592
214801289.000000000000	96.044997000000	11.650800000000	0.000869252121	-0.000353025020	0.000143444990	-0.000017600824	0.008185443459	300.000000000000	0.002283745204	0.008158003522	-0.000006755115	0.000001060311	1229.059402057881	0.000003461124	0.000003069467	-0.000000132688	-0.000000019650	-0.000000127271	-0.000000732178	-0.000000117993	0.000000059937
214801650.000000000000	96.044997000000	11.701000000000	0.000752160839	-0.000305977073	0.000142900802	-0.000017751237	0.008302606611	300.000000000000	0.002283180083	0.008292259241	-0.000004650559	0.000002304325	1233.760470655137	0.000003280876	0.000003601319	0.000000115799	-0.000000200731	-0.000000315873	-0.000000566335	-0.000000004028	0.000000298801
214801960.000000000000	96.044997000000	11.750300000000	0.000696677627	-0.000284120607	0.000142922364	-0.000017968287	0.008401104511	300.000000000000	0.002283040738	0.008379053605	-0.000004332047	0.000002893154	1238.375419240980	0.000003352670	0.000003004043	-0.000000072680	0.000000153826	-0.000000518033	-0.000000252111	0.000000115002	0.000000061602
214802301.000000000000	96.044997000000	11.800800000000	0.000641152850	-0.000259189304	0.000143102641	-0.000017789868	0.008446123788	300.000000000000	0.002281504075	0.008407644007	-0.000005662674	0.000001589768	1243.100810937050	0.000003250780	0.000003223804	0.000000021077	0.000000180801	-0.000000121874	-0.000000499730	-0.000000249978	-0.000000326432
214802640.000000000000	96.044997000000	11.850500000000	0.000646148983	-0.000263931133	0.000143258688	-0.000017681506	0.008510290914	300.000000000000	0.002285266384	0.008497704520	-0.000007515075	0.000000794185	1247.749479135842	0.000003682868	0.000003432005	0.000000227745	-0.000000178074	0.000000123265	-0.000000401971	0.000000053995	-0.000000110531
214802971.000000000000	96.044997000000	11.900900000000	0.000717382882	-0.000294239961	0.000143008408	-0.000018341740	0.008551749033	300.000000000000	0.002287770720	0.008516068111	-0.000008494360	0.000000741100	1252.461731362444	0.000003565271	0.000003091515	-0.000000076065	0.000000186124	-0.000000317188	-0.000000354364	-0.000000248793	-0.000000315025
214803310.000000000000	96.044997000000	11.950900000000	0.000816773148	-0.000334840535	0.000143188079	-0.000017237878	0.008634000362	300.000000000000	0.002286725634	0.008618640718	-0.000006659422	0.000000233296	1257.134703998225	0.000003293088	0.000003198461	0.000000018246	-0.000000162717	-0.000000421641	-0.000000458304	0.000000501040	0.000000263154
214803651.000000000000	96.044997000000	12.000900000000	0.000797384851	-0.000324658685	0.000143014362	-0.000017856524	0.008746117990	300.000000000000	0.002285994074	0.008731803180	-0.000006004237	0.000001087552	1261.805803392206	0.000003510972	0.000003288420	-0.000000105630	-0.000000011849	-0.000000572650	-0.000000616344	0.000000114096	0.000000056654
214804010.000000000000	96.044997000000	12.051000000000	0.000678640070	-0.000272641164	0.000142685336	-0.000016838458	0.008836974395	300.000000000000	0.002285076721	0.008812370280	-0.000004600966	0.000002449611	1266.484366150215	0.000003517913	0.000003182290	0.000000046267	0.000000142969	-0.000000406195	-0.000000311545	0.000000116620	0.000000444909
214804335.000000000000	96.044997000000	12.100300000000	0.000572254003	-0.000230808703	0.000142791124	-0.000016070665	0.008945094510	300.000000000000	0.002285668936	0.008922655171	-0.000005501322	0.000003960449	1271.086385446120	0.000003529466	0.000003197375	-0.000000168503	-0.000000133532	-0.000000233249	-0.000000679390	-0.000000224123	0.000000227727
214804650.000000000000	96.044997000000	12.151100000000	0.000513498684	-0.000207829453	0.000143043660	-0.000016273373	0.008996380524	300.000000000000	0.002284534824	0.008970141928	-0.000005731825	0.000003593042	1275.826520594146	0.000003413615	0.000003105806	-0.000000287148	0.000000459975	-0.000000240457	-0.000000248332	0.000000186588	-0.000000274330
214805059.000000000000	96.044997000000	12.200600000000	0.000491481089	-0.000200355751	0.000142537097	-0.000016886745	0.009058022271	300.000000000000	0.002285351539	0.009038527133	-0.000006387709	0.000002576038	1280.443493128962	0.000003700252	0.000003150287	0.000000180781	-0.000000166277	0.000000170370	-0.000000241574	0.000000149675	-0.000000020072
214805456.000000000000	96.044997000000	12.250000000000	0.000497933259	-0.000205132903	0.000142898529	-0.000016252916	0.009098806437	300.000000000000	0.002286063746	0.009096891957	-0.000006813789	0.000003560213	1285.049308207075	0.000003491686	0.000003495269	-0.000000319843	-0.000000018865	-0.000000133335	-0.000000063446	0.000000210054	0.000000038498
214805809.000000000000	96.044997000000	12.300700000000	0.000500981560	-0.000201863079	0.000143066482	-0.000015254931	0.009182800902	300.000000000000	0.002283818747	0.009147417861	-0.000005680136	0.000001932727	1289.774427789373	0.000003221611	0.000003269098	0.000000039591	-0.000000108452	-0.000000074736	-0.000000290217	0.000000247301	-0.000000289911
214806143.000000000000	96.044997000000	12.350600000000	0.000514317069	-0.000210893696	0.000142725531	-0.000016587509	0.009231965634	300.000000000000	0.002283791652	0.009227438864	-0.000005219132	0.000001149019	1294.423108808873	0.000003601112	0.000002901406	-0.000000291493	-0.000000299495	-0.000000019422	0.000000092855	0.000000113700	0.000000560656
214806460.000000000000	96.044997000000	12.400700000000	0.000518241450	-0.000211158198	0.000142367399	-0.000016863942	0.009328345099	300.000000000000	0.002284852221	0.009313978898	-0.000006223563	0.000002187677	1299.088545119703	0.000003539076	0.000003040578	-0.000000103892	0.000000001607	-0.000000086989	-0.000000169886	-0.000000211714	-0.000000343150
214806764.000000000000	96.044997000000	12.451200000000	0.000519996927	-0.000211490796	0.000142691711	-0.000016856359	0.009390508393	300.000000000000	0.002285742479	0.009367687414	-0.000005830312	0.000001255190	1303.789327437542	0.000003212921	0.000003092172	-0.000000010949	-0.000000088534	-0.000000172456	-0.000000335083	0.000000081946	0.000000283210
214807154.000000000000	96.044997000000	12.500700000000	0.000531991018	-0.000220118914	0.000142584186	-0.000016760983	0.009445449873	300.000000000000	0.002286179867	0.009427018262	-0.000004818197	0.000002343440	1308.395170824793	0.000003719293	0.000003037645	0.000000183250	-0.000000058096	0.000000296313	-0.000000638382	0.000000108472	0.000000064191
214807470.000000000000	96.044997000000	12.550600000000	0.000542350852	-0.000222965078	0.000142919033	-0.000017048270	0.009557247860	300.000000000000	0.002284596755	0.009524917585	-0.000005645212	0.000003077555	1313.036375295129	0.000003519684	0.000002985458	-0.000000207499	-0.000000058512	-0.000000141967	-0.000000714778	0.000000175581	0.000000055953
214807813.000000000000	96.044997000000	12.600900000000	0.000567684052	-0.000235525028	0.000142766759	-0.000016810236	0.009586691607	300.000000000000	0.002284867703	0.009588203086	-0.000005884795	0.000002905028	1317.712896040352	0.000003612313	0.000003227819	-0.000000091354	0.000000043749	-0.000000188511	-0.000000231089	0.000000175934	0.000000059999
214808127.000000000000	96.044997000000	12.650900000000	0.000606454475	-0.000251134827	0.000142576219	-0.000016562429	0.009615728726	300.000000000000	0.002283803264	0.009595817527	-0.000005710172	0.000001895707	1322.359646680119	0.000003568879	0.000003148022	-0.000000083733	-0.000000053791	-0.000000015807	-0.000000665752	0.000000318579	-0.000000132786
214808481.000000000000	96.044997000000	12.700900000000	0.000649128189	-0.000268584247	0.000143032038	-0.000017044549	0.009613988365	300.000000000000	0.002281964687	0.009567601988	-0.000006667105	0.000001904787	1327.004524658994	0.000003929870	0.000002936791	0.000000105802	-0.000000126757	-0.000000215028	-0.000000583854	-0.000000058027	0.000000028882
214808817.000000000000	96.044997000000	12.750500000000	0.000674370624	-0.000279770033	0.000142175548	-0.000015104630	0.009608779687	300.000000000000	0.002283930997	0.009572270038	-0.000007694587	0.000002574641	1331.610393418530	0.000003589566	0.000003066455	-0.000000013345	0.000000009600	-0.000000031070	-0.000000553880	-0.000000117838	-0.000000057915
214809161.000000000000	96.044997000000	12.800600000000	0.000661673966	-0.000274166387	0.000142245207	-0.000015986455	0.009617233982	300.000000000000	0.002284043247	0.009579630552	-0.000007688301	0.000002254033	1336.260821639344	0.000003157109	0.000002958645	0.000000291514	-0.000000315501	-0.000000424759	-0.000000568615	0.000000291281	0.000000082333
214809470.000000000000	96.044997000000	12.850600000000	0.000674970907	-0.000279616619	0.000142493506	-0.000015932571	0.009643979302	300.000000000000	0.002284480635	0.009630245665	-0.000008139526	0.000001058914	1340.900093202063	0.000003641819	0.000003230802	0.000000063634	-0.000000013736	-0.000000126437	-0.000000673182	0.000000053352	-0.000000017225
214809797.000000000000	96.044997000000	12.901100000000	0.000725505772	-0.000302260351	0.000142422384	-0.000015928252	0.009637831109	300.000000000000	0.002285165746	0.009623621488	-0.000007149763	0.000000355532	1345.583856865942	0.000003391951	0.000003358143	-0.000000153614	-0.000000022714	0.000000007591	-0.000000396840	0.000000261378	-0.000000093647
214810133.000000000000	96.044997000000	12.950800000000	0.000780360164	-0.000322286455	0.000142378400	-0.000016311990	0.009639926965	300.000000000000	0.002283965833	0.009612575399	-0.000005710172	-0.000000265427	1350.191557432112	0.000003266796	0.000003525365	-0.000000063781	-0.000000277435	-0.000000313179	-0.000000064075	0.000000195531	-0.000000398090
214810498.000000000000	96.044997000000	13.000600000000	0.000852179446	-0.000350990990	0.000142747962	-0.000016877912	0.009644063599	300.000000000000	0.002283907773	0.009624547617	-0.000004910398	0.000001630979	1354.806673528019	0.000003205543	0.000003552057	0.000000095722	0.000000150937	-0.000000459262	-0.000000856950	-0.000000103748	-0.000000074185
214810868.000000000000	96.044997000000	13.050200000000	0.000974092558	-0.000404950061	0.000142834789	-0.000016473968	0.009625526745	300.000000000000	0.002283996798	0.009589051418	-0.000005693408	0.000002432847	1359.401408895574	0.000003200650	0.000003924070	-0.000000176321	0.000000090330	-0.000000586985	-0.000001013844	-0.000000080434	-0.000000086059
214811220.000000000000	96.044997000000	13.101200000000	0.001274811152	-0.000523115603	0.000143128045	-0.000015933038	0.009595321966	300.000000000000	0.002282452394	0.009576801586	-0.000006340910	0.000003332505	1364.123913291769	0.000003012577	0.000003189792	0.000000267688	0.000000345594	-0.000000884745	-0.000000972950	0.000000342330	0.000000203784
214811644.000000000000	96.044997000000	13.150300000000	0.001703951598	-0.000707055106	0.000143416656	-0.000017614642	0.009591454214	300.000000000000	0.002283760686	0.009556159058	-0.000005376292	0.000002376270	1368.668640995453	0.000003222528	0.000003460723	0.000000068230	0.000000008401	-0.000001107873	-0.000001298561	0.000000019226	-0.000000175851
214812022.000000000000	96.044997000000	13.201100000000	0.002214379982	-0.000915873772	0.000144216933	-0.000018534602	0.009562011113	300.000000000000	0.002283923255	0.009548156750	-0.000004994217	-0.000000561588	1373.368821701762	0.000003318143	0.000003795706	-0.000000008045	-0.000000159143	-0.000001832213	-0.000001558700	-0.000000139641	-0.000000014156
214812354.000000000000	96.044997000000	13.250600000000	0.002453390224	-0.001017367637	0.000143905048	-0.000018189908	0.009579736658	300.000000000000	0.002283381359	0.009540399416	-0.000004867092	-0.000002455199	1377.946863379237	0.000002824444	0.000003643935	-0.000000209614	0.000000087075	-0.000002031482	-0.000001802824	0.000000076182	0.000000016084
214812719.000000000000	96.044997000000	13.300600000000	0.002324819287	-0.000964012701	0.000144397598	-0.000018104501	0.009576050062	300.000000000000	0.002282893652	0.009556771917	-0.000003505033	-0.000003396068	1382.569285360083	0.000002993861	0.000003956564	-0.000000051444	0.000000278627	-0.000002004637	-0.000001730243	0.000000042451	0.000000163751
214813040.000000000000	96.044997000000	13.350700000000	0.001932517823	-0.000794471464	0.000143812714	-0.000016735214	0.009613586265	300.000000000000	0.002285773445	0.009584085764	-0.000003347173	-0.000003628666	1387.199074738115	0.000003030236	0.000003692368	0.000000139875	0.000000352776	-0.000001688144	-0.000001391259	-0.000000369998	-0.000000088782
214813363.000000000000	96.044997000000	13.400700000000	0.001422266804	-0.000585872610	0.000143437089	-0.000016858940	0.009609369917	300.000000000000	0.002285223807	0.009592100399	-0.000003236812	-0.000001597451	1391.817749395979	0.000003371853	0.000003504912	0.000000125710	-0.000000310971	-0.000001114970	-0.000000996166	0.000000184316	0.000000040663
214813681.000000000000	96.044997000000	13.451000000000	0.000972966506	-0.000402880277	0.000143381644	-0.000016251471	0.009603041443	300.000000000000	0.002287999091	0.009600302291	-0.000003896188	-0.000000347849	1396.462247548654	0.000003327992	0.000003039517	-0.000000289376	-0.000000113228	-0.000000440151	-0.000000766541	0.000000061187	-0.000000318120
214814017.000000000000	96.044997000000	13.500700000000	0.000750092987	-0.000311564860	0.000143424467	-0.000016613417	0.009546786464	300.000000000000	0.002286222444	0.009544732184	-0.000004750444	0.000001755310	1401.049483767007	0.000003557702	0.000002961827	-0.000000036888	-0.000000031462	-0.000000896706	-0.000000718604	-0.000000185615	0.000000025015
214814360.000000000000	96.044997000000	13.551100000000	0.000642183750	-0.000260791290	0.000143437903	-0.000017155380	0.009543959132	300.000000000000	0.002286056005	0.009525959397	-0.000005275011	0.000003027264	1405.699440572842	0.000003410530	0.000003151078	-0.000000094748	-0.000000045283	-0.000000165296	-0.000000528092	0.000000313092	0.000000101410
214814689.000000000000	96.044997000000	13.600600000000	0.000586171684	-0.000237848593	0.000142996663	-0.000016195900	0.009545606818	300.000000000000	0.002284480635	0.009500406162	-0.000005689915	0.000001686160	1410.264511569952	0.000003430531	0.000003394117	0.000000112123	-0.000000047942	-0.000000512693	-0.000000975521	0.000000112370	-0.000000078216
214815070.000000000000	96.044997000000	13.650700000000	0.000567629596	-0.000237019907	0.000142892694	-0.000016510509	0.009536277938	300.000000000000	0.002284821255	0.009517881070	-0.000007255934	-0.000000122935	1414.883049169583	0.000003707495	0.000003478371	-0.000000203073	-0.000000120049	0.000000045322	-0.000000296041	0.000000202357	-0.000000206950
214815386.000000000000	96.044997000000	13.700700000000	0.000547861433	-0.000226591087	0.000143036393	-0.000016303083	0.009532686019	300.000000000000	0.002284751583	0.009514080372	-0.000008949777	0.000000572065	1419.490494996106	0.000003316238	0.000003341547	-0.000000176793	0.000000179924	0.000000191552	-0.000000608855	-0.000000102593	0.000000251853
214815687.000000000000	96.044997000000	13.750900000000	0.000544142980	-0.000227274875	0.000143086619	-0.000017002568	0.009571717920	300.000000000000	0.002283536187	0.009542477031	-0.000008948380	0.000002457993	1424.114488187139	0.000003067974	0.000003012420	-0.000000182617	0.000000519995	-0.000000400534	-0.000000287572	-0.000000076745	-0.000000114424
214816041.000000000000	96.044997000000	13.800200000000	0.000559947602	-0.000233066486	0.000142624746	-0.000016310266	0.009559344610	300.000000000000	0.002283578764	0.009559905096	-0.000006206799	0.000002516666	1428.653745433054	0.000003775073	0.000003147552	0.000000082057	0.000000003554	-0.000000121423	-0.000000654282	0.000000108656	0.000000210379
214816373.000000000000	96.044997000000	13.850800000000	0.000593639022	-0.000245131198	0.000143051487	-0.000016438995	0.009550304253	300.000000000000	0.002286106324	0.009528116237	-0.000004369766	0.000001778360	1433.310807560725	0.000003671961	0.000002736470	-0.000000095241	0.000000323618	-0.000000143676	-0.000000278446	0.000000142376	-0.000000079206
214816695.000000000000	96.044997000000	13.900500000000	0.000646428728	-0.000267786261	0.000142648492	-0.000016691989	0.009521108337	300.000000000000	0.002286787565	0.009497062140	-0.000004737172	0.000000761356	1437.883171307221	0.000003484426	0.000003341940	-0.000000088236	-0.000000182033	-0.000000360466	-0.000000563071	0.000000082312	-0.000000221672
214817058.000000000000	96.044997000000	13.951200000000	0.000733824614	-0.000305031363	0.000142890565	-0.000016715879	0.009460679978	300.000000000000	0.002283721980	0.009439198694	-0.000006140443	0.000001060311	1442.545629732149	0.000003417853	0.000003315669	-0.000000340141	0.000000292543	-0.000000602883	-0.000000770996	0.000000028557	-0.000000061671
214817443.000000000000	96.044997000000	14.000700000000	0.000860483524	-0.000359112126	0.000143224606	-0.000017286804	0.009385384067	300.000000000000	0.002284650945	0.009374553654	-0.000005879207	0.000001265667	1447.095878396853	0.000004002258	0.000003304218	-0.000000012428	-0.000000149283	-0.000000136974	-0.000000374311	-0.000000279526	0.000000060246
214817781.000000000000	96.044997000000	14.050900000000	0.001168790828	-0.000483587590	0.000143216233	-0.000017118329	0.009342679041	300.000000000000	0.002283543928	0.009311720568	-0.000004867092	0.000001103617	1451.708601543187	0.000003307983	0.000003220582	-0.000000193081	-0.000000023211	-0.000000436560	-0.000000942227	0.000000174987	0.000000016485
214818118.000000000000	96.044997000000	14.100700000000	0.001649458070	-0.000685744985	0.000144089823	-0.000017438137	0.009273720720	300.000000000000	0.002284449669	0.009254548790	-0.000004885253	-0.000000199769	1456.282706882317	0.000003600602	0.000003483347	-0.000000359305	0.000000195574	-0.000000952311	-0.000000980808	-0.000000106099	-0.000000078649
214818421.000000000000	96.044997000000	14.151000000000	0.002040332322	-0.000846798192	0.000143728416	-0.000017012415	0.009239901004	300.000000000000	0.002284546436	0.009213753799	-0.000005880604	-0.000001155306	1460.900853446394	0.000003150310	0.000003455138	-0.000000131893	0.000000165066	-0.000001369834	-0.000001862269	-0.000000255559	0.000000098794
214818739.000000000000	96.044997000000	14.200700000000	0.002255890971	-0.000937075199	0.000144360248	-0.000018461776	0.009191534293	300.000000000000	0.002284945117	0.009184021937	-0.000005311333	-0.000003084540	1465.462053674941	0.000003131149	0.000003602048	-0.000000054378	0.000000084389	-0.000002086686	-0.000001733821	-0.000000306611	-0.000000250048
214819095.000000000000	96.044997000000	14.250600000000	0.002185144019	-0.000908447457	0.000144361653	-0.000017896184	0.009132639873	300.000000000000	0.002285336057	0.009120780634	-0.000003852881	-0.000003789319	1470.039749821048	0.000003353408	0.000003888513	0.000000039414	0.000000008744	-0.000001650823	-0.000001382076	0.000000040196	-0.000000131298
214819399.000000000000	96.044997000000	14.300500000000	0.001953362706	-0.000809582632	0.000143876365	-0.000017447221	0.009049817292	300.000000000000	0.002285665065	0.009022050411	-0.000003365334	-0.000003877329	1474.615583324936	0.000003185666	0.000003773514	0.000000114687	-0.000000086048	-0.000001364021	-0.000001669450	-0.000000285211	0.000000096617
214819727.000000000000	96.044997000000	14.350900000000	0.001594043175	-0.000660585054	0.000143352443	-0.000017144610	0.008976896723	300.000000000000	0.002282990419	0.008955108229	-0.000003500842	-0.000002070330	1479.235376239903	0.000003569522	0.000003423113	0.000000197137	-0.000000109536	-0.000001008991	-0.000000907656	0.000000237427	0.000000234967
214820102.000000000000	96.044997000000	14.400700000000	0.001265561628	-0.000524083922	0.000143365874	-0.000017113156	0.008878669336	300.000000000000	0.002285545074	0.008867250163	-0.000005266629	0.000000426080	1483.798305473540	0.000003327358	0.000003135216	0.000000061283	-0.000000303107	-0.000000894354	-0.000000609558	0.000000171259	0.000000058676
214820441.000000000000	96.044997000000	14.450400000000	0.001031362637	-0.000429855308	0.000143232208	-0.000017623594	0.008782315134	300.000000000000	0.002285649583	0.008773914074	-0.000005132519	0.000000136904	1488.350222917967	0.000003432068	0.000002917878	-0.000000093015	0.000000276737	-0.000000586545	-0.000000729377	-0.000000147141	-0.000000077910
214820779.000000000000	96.044997000000	14.501400000000	0.000900005212	-0.000369979749	0.000142949539	-0.000017897682	0.008730332809	300.000000000000	0.002283989057	0.008726489361	-0.000005290378	0.000000682427	1493.019284176977	0.000003490468	0.000003091596	-0.000000091645	0.000000050825	-0.000000514724	-0.000000712308	0.000000054044	0.000000068209
214821093.000000000000	96.044997000000	14.550500000000	0.000881019947	-0.000364373655	0.000142960767	-0.000018077587	0.008705939337	300.000000000000	0.002284205816	0.008700017639	-0.000005479669	0.000001769979	1497.512562263712	0.000003576619	0.000003380949	-0.000000293090	-0.000000061035	-0.000000051203	-0.000000780006	0.000000045874	0.000000192502
214821430.000000000000	96.044997000000	14.600100000000	0.000963864890	-0.000402754253	0.000143081045	-0.000017916588	0.008628887545	300.000000000000	0.002284728359	0.008616970723	-0.000006462447	0.000002851943	1502.049766355014	0.000003239159	0.000003295063	-0.000000242837	0.000000028066	-0.000000526714	-0.000000711997	-0.000000009810	-0.000000283092
214821783.000000000000	96.044997000000	14.651000000000	0.001234865934	-0.000510032582	0.000143481492	-0.000019425724	0.008539304216	300.000000000000	0.002284310324	0.008528181764	-0.000005492242	0.000001230743	1506.703976598341	0.000003348805	0.000003401230	0.000000190465	0.000000001966	-0.000000844036	-0.000000941384	-0.000000000783	-0.000000128442
214822116.000000000000	96.044997000000	14.700700000000	0.001865463359	-0.000772682077	0.000144137772	-0.000018626780	0.008462478906	300.000000000000	0.002283145247	0.008445152941	-0.000004323665	-0.000000979286	1511.246591707260	0.000002987983	0.000003458248	0.000000041061	-0.000000202201	-0.000001378866	-0.000001426755	-0.000000143965	0.000000184055
214822490.000000000000	96.044997000000	14.750500000000	0.002806304194	-0.001163183463	0.000145532126	-0.000019418583	0.008478799769	300.000000000000	0.002284062600	0.008468893800	-0.000005641021	-0.000002087792	1515.796494566666	0.000003030128	0.000004137334	-0.000000157575	0.000000242395	-0.000002225360	-0.000001729197	0.000000016543	-0.000000214836
214822875.000000000000	96.044997000000	14.800200000000	0.003365759687	-0.001392810976	0.000146132096	-0.000020669512	0.008419977752	300.000000000000	0.002284581272	0.008396175423	-0.000005238689	-0.000003810972	1520.335412592349	0.000002955041	0.000004215478	-0.000000281504	0.000000293175	-0.000002960329	-0.000002393476	-0.000000017337	0.000000219593
214823221.000000000000	96.044997000000	14.851600000000	0.003006740446	-0.001243496105	0.000145611421	-0.000019922857	0.008358676666	300.000000000000	0.002285065109	0.008346472456	-0.000004700851	-0.000006230548	1525.027643034960	0.000002668995	0.000004323529	-0.000000046599	-0.000000240593	-0.000002460278	-0.000002085902	0.000000053257	-0.000000207442
214823580.000000000000	96.044997000000	14.900500000000	0.002193191717	-0.000907934899	0.000144295546	-0.000019016031	0.008311725418	300.000000000000	0.002285076721	0.008292497347	-0.000005097594	-0.000006361166	1529.489819041872	0.000003269546	0.000003666254	-0.000000026866	-0.000000145630	-0.000001869355	-0.000001414719	0.000000076046	-0.000000006803
214823886.000000000000	96.044997000000	14.951400000000	0.001617987377	-0.000666415578	0.000143599655	-0.000017531917	0.008281018486	300.000000000000	0.002285072850	0.008248136607	-0.000007172814	-0.000004454982	1534.132598689910	0.000003161533	0.000003425689	-0.000000304035	-0.000000287967	-0.000001146486	-0.000001123933	-0.000000027526	0.000000005695
214824185.000000000000	96.044997000000	14.999800000000	0.001143040229	-0.000469403452	0.000143111580	-0.000017451882	0.008236400134	300.000000000000	0.002286443074	0.008218375498	-0.000007150462	-0.000001709210	1538.545547936772	0.000003419384	0.000003286491	-0.000000197004	0.000000161237	-0.000000984337	-0.000000964879	-0.000000003215	0.000000152682
214824540.000000000000	96.044997000000	15.051600000000	0.000849422161	-0.000350249046	0.000143055943	-0.000017276119	0.008186984594	300.000000000000	0.002285487014	0.008166976465	-0.000006612623	0.000000051688	1543.266558256997	0.000003385069	0.000003123635	-0.000000292022	0.000000019152	-0.000000818283	-0.000000627913	-0.000000127529	0.000000332504
214824889.000000000000	96.044997000000	15.100400000000	0.000703122107	-0.000288376261	0.000143198305	-0.000017466128	0.008154483361	300.000000000000	0.002282386592	0.008134709437	-0.000006253598	0.000002430752	1547.712316655305	0.000003352700	0.000003400713	0.000000031742	0.000000247566	-0.000000452204	-0.000000220924	-0.000000175034	-0.000000009765
214825197.000000000000	96.044997000000	15.151000000000	0.000650230320	-0.000269580611	0.000143123049	-0.000016973746	0.008099538004	300.000000000000	0.002284523212	0.008081091723	-0.000005423091	0.000002293149	1552.320178769940	0.000003609334	0.000003309176	-0.000000043134	-0.000000036160	-0.000000492640	-0.000000498471	-0.000000265140	-0.000000276446
214825529.000000000000	96.044997000000	15.200800000000	0.000632596075	-0.000260296551	0.000142673567	-0.000017208376	0.008068877767	300.000000000000	0.002284461281	0.008046631233	-0.000006632879	0.000002013054	1556.853321369699	0.000003376468	0.000003311234	0.000000368226	-0.000000163142	-0.000000101814	-0.000000741704	-0.000000391899	0.000000006055
214825888.000000000000	96.044997000000	15.250500000000	0.000672219490	-0.000277542024	0.000142885779	-0.000017638768	0.008041538832	300.000000000000	0.002285463789	0.008017032376	-0.000006721588	0.000001864275	1561.375513927589	0.000003409714	0.000003162208	0.000000150411	-0.000000245887	-0.000000492716	-0.000000376491	-0.000000224944	0.000000090548
214826240.000000000000	96.044997000000	15.300600000000	0.000713189239	-0.000294058640	0.000143091099	-0.000018307835	0.007987341726	300.000000000000	0.002285010919	0.007970307297	-0.000006931834	0.000002330169	1565.932234707700	0.000003231153	0.000002985606	-0.000000517360	-0.000000143014	-0.000000480873	-0.000000371662	-0.000000046609	-0.000000160212
214826552.000000000000	96.044997000000	15.350600000000	0.000698399388	-0.000283869982	0.000142888921	-0.000018535567	0.007972360539	300.000000000000	0.002284287100	0.007948185895	-0.000005773036	0.000002482440	1570.477990804493	0.000003595506	0.000003283488	0.000000015955	0.000000263494	-0.000000436881	-0.000000745687	0.000000107299	-0.000000100688
214826879.000000000000	96.044997000000	15.401200000000	0.000654528210	-0.000269722315	0.000143120562	-0.000018255301	0.007948546698	300.000000000000	0.002286164384	0.007927664537	-0.000007630326	0.000002199551	1575.076394800479	0.000003613093	0.000002828371	0.000000060924	0.000000112899	-0.000000325959	-0.000000492050	-0.000000020298	0.000000005705
214827206.000000000000	96.044997000000	15.451100000000	0.000585386038	-0.000241685850	0.000142796769	-0.000018245325	0.007898782549	300.000000000000	0.002285003178	0.007881667133	-0.000008099712	0.000001883134	1579.609311643077	0.000003701404	0.000003279287	0.000000194016	-0.000000051957	-0.000000290106	-0.000000409780	-0.000000258966	-0.000000129277
214827516.000000000000	96.044997000000	15.499400000000	0.000544884578	-0.000221485359	0.000142886607	-0.000017896344	0.007885054895	300.000000000000	0.002284558048	0.007870214214	-0.000006469432	0.000002419576	1583.995113261921	0.000003426371	0.000002915368	-0.000000102698	0.000000074122	-0.000000394032	-0.000000135144	-0.000000303194	-0.000000508448
214827892.000000000000	96.044997000000	15.551100000000	0.000528375007	-0.000216035331	0.000142683460	-0.000017409588	0.007829339033	300.000000000000	0.002284143885	0.007806425743	-0.000004760223	0.000003182329	1588.687715776527	0.000003675762	0.000002648871	-0.000000172465	0.000000107615	-0.000000062249	-0.000000460683	-0.000000209182	0.000000315888
214828191.000000000000	96.044997000000	15.600800000000	0.000503868992	-0.000209827185	0.000143184660	-0.000018238743	0.007742013017	300.000000000000	0.002281546653	0.007727790614	-0.000005279202	0.000002650777	1593.196904641760	0.000003361320	0.000003310116	0.000000285347	-0.000000205954	-0.000000075857	-0.000000271501	0.000000054970	-0.000000229381
214828509.000000000000	96.044997000000	15.650900000000	0.000467986895	-0.000186936740	0.000142630756	-0.000017681949	0.007676608461	300.000000000000	0.002284840609	0.007665883723	-0.000006704126	0.000002035405	1597.740518060893	0.000003721519	0.000003205160	-0.000000023113	-0.000000547575	-0.000000277419	-0.000000369090	0.000000080453	0.000000029304
214828884.000000000000	96.044997000000	15.700400000000	0.000459170182	-0.000186047142	0.000143045845	-0.000017663369	0.007601449482	300.000000000000	0.002285874082	0.007598790059	-0.000006248709	0.000001186738	1602.227876439731	0.000003801451	0.000002748409	-0.000000055530	0.000000118429	-0.000000352460	-0.000000139526	0.000000110803	-0.000000371434
214829286.000000000000	96.044997000000	15.750900000000	0.000460622710	-0.000188923079	0.000142536261	-0.000016815468	0.007556258436	300.000000000000	0.002284062600	0.007542195687	-0.000005480368	0.000002052868	1606.804003442154	0.000003498621	0.000002886942	-0.000000163709	-0.000000090554	-0.000000273870	-0.000000080556	-0.000000077061	0.000000051216
214829608.000000000000	96.044997000000	15.800200000000	0.000470516445	-0.000192280084	0.000142663089	-0.000017725906	0.007508332749	300.000000000000	0.002281024110	0.007487677678	-0.000004978152	0.000002034009	1611.269554333579	0.000003677050	0.000002942573	0.000000132415	-0.000000119547	-0.000000029644	-0.000000094129	-0.000000233735	-0.000000248832
214829906.000000000000	96.044997000000	15.851200000000	0.000490367553	-0.000200879543	0.000142360242	-0.000017373562	0.007465046138	300.000000000000	0.002287132056	0.007448286221	-0.000005997950	0.000002874993	1615.887180590773	0.000003715397	0.000003152009	-0.000000055850	0.000000069378	0.000000236943	-0.000000381696	-0.000000024455	-0.000000255060
214830288.000000000000	96.044997000000	15.900500000000	0.000490131316	-0.000201960289	0.000143037018	-0.000017575366	0.007432558489	300.000000000000	0.002286497263	0.007413611896	-0.000005297363	0.000003287103	1620.349040614203	0.000003167182	0.000002682181	-0.000000158070	-0.000000227050	-0.000000168040	-0.000000247103	0.000000031061	0.000000077878
214830611.000000000000	96.044997000000	15.951300000000	0.000489891799	-0.000203478897	0.000143213869	-0.000016964461	0.007370805082	300.000000000000	0.002285274126	0.007361218593	-0.000007410301	0.000003148802	1624.944759472372	0.000003431629	0.000003053284	0.000000165883	0.000000132213	0.000000198901	-0.000000622302	-0.000000115120	-0.000000005968
214830943.000000000000	96.044997000000	16.000700000000	0.000496010895	-0.000205687881	0.000142668359	-0.000017262197	0.007311079512	300.000000000000	0.002285084462	0.007302897284	-0.000007253140	0.000002203044	1629.411977711105	0.000003220908	0.000003309844	0.000000063250	0.000000282814	-0.000000196713	-0.000000394659	0.000000509653	-0.000000143032
214831364.000000000000	96.044997000000	16.050400000000	0.000519988374	-0.000211511015	0.000143034132	-0.000017706758	0.007240037017	300.000000000000	0.002285769574	0.007228371083	-0.000006033573	0.000001784647	1633.904487193120	0.000003411238	0.000003232555	0.000000034961	0.000000075650	-0.000000138547	-0.000000345266	-0.000000089102	-0.000000323339
214831726.000000000000	96.044997000000	16.100800000000	0.000582559050	-0.000237397006	0.000143201324	-0.000018423556	0.007167427103	300.000000000000	0.002285955367	0.007147201640	-0.000004961388	0.000000412809	1638.458389317882	0.000003618507	0.000003331448	-0.000000072419	-0.000000299154	-0.000000281488	-0.000000292685	-0.000000441327	-0.000000096004
214832034.000000000000	96.044997000000	16.150800000000	0.000704687068	-0.000287138541	0.000143165684	-0.000017870842	0.007132374233	300.000000000000	0.002285119298	0.007113881176	-0.000005113659	0.000000824919	1642.974276726280	0.000003231474	0.000003420265	0.000000054984	-0.000000129963	-0.000000196612	-0.000000635699	0.000000226308	-0.000000333777
214832352.000000000000	96.044997000000	16.200500000000	0.000995100347	-0.000412301726	0.000142863945	-0.000018791584	0.007110631337	300.000000000000	0.002285355410	0.007098841365	-0.000006889226	0.000000410713	1647.461220548350	0.000003486189	0.000003443564	0.000000303865	-0.000000109534	-0.000000845080	-0.000000785841	0.000000289345	-0.000000148570
214832753.000000000000	96.044997000000	16.250500000000	0.001367733858	-0.000567797536	0.000143489908	-0.000019157695	0.007080437552	300.000000000000	0.002288122953	0.007065704566	-0.000007580733	-0.000003355555	1651.973389282379	0.000003363693	0.000003624673	0.000000277054	-0.000000132404	-0.000001084846	-0.000001158448	0.000000187361	-0.000000075863
214833126.000000000000	96.044997000000	16.300300000000	0.001819485885	-0.000756785425	0.000143709459	-0.000018158826	0.007056258732	300.000000000000	0.002287039160	0.007036655388	-0.000007072929	-0.000002682209	1656.465655828260	0.000003341754	0.000003632258	0.000000035567	-0.000000102773	-0.000001521325	-0.000001379278	0.000000180949	0.000000083358
214833488.000000000000	96.044997000000	16.351000000000	0.002238200676	-0.000927556561	0.000144614871	-0.000018886161	0.007025320307	300.000000000000	0.002287685565	0.007002709159	-0.000004454982	-0.000002927380	1661.037207837981	0.000003082442	0.000003830730	-0.000000145669	0.000000144518	-0.000001844824	-0.000001592735	0.000000155896	-0.000000093998
214833844.000000000000	96.044997000000	16.400700000000	0.002869537132	-0.001191626432	0.000145528741	-0.000021080501	0.006994175204	300.000000000000	0.002282653670	0.006985886134	-0.000002307119	-0.000003789319	1665.516730590465	0.000003097851	0.000004164301	0.000000020441	0.000000355410	-0.000002300855	-0.000002073923	-0.000000297270	-0.000000395104
214834182.000000000000	96.044997000000	16.451000000000	0.003110198863	-0.001289529490	0.000146010042	-0.000020524862	0.006972241292	300.000000000000	0.002286458556	0.006955364932	-0.000002406305	-0.000004156725	1670.048456721139	0.000003138018	0.000004077852	0.000000042450	-0.000000084150	-0.000002707184	-0.000002179758	-0.000000368345	-0.000000047029
214834527.000000000000	96.044997000000	16.500600000000	0.002711681871	-0.001126014357	0.000145380806	-0.000019803979	0.006959877210	300.000000000000	0.002286419850	0.006940480922	-0.000003259163	-0.000003418420	1674.515269829555	0.000002667844	0.000004256719	-0.000000114007	0.000000087281	-0.000002210416	-0.000002173466	0.000000144123	-0.000000128544
214834919.000000000000	96.044997000000	16.551000000000	0.001943558563	-0.000805051327	0.000143762376	-0.000020594797	0.006918141637	300.000000000000	0.002286485651	0.006900676221	-0.000005219830	-0.000003385590	1679.052249559893	0.000003444794	0.000003605182	0.000000035982	-0.000000129596	-0.000001393536	-0.000001433380	-0.000000055610	0.000000099943
214835312.000000000000	96.044997000000	16.600300000000	0.001419253250	-0.000590737951	0.000143438489	-0.000018729992	0.006904695386	300.000000000000	0.002286203091	0.006885883675	-0.000005922513	-0.000002024928	1683.488375843690	0.000003393196	0.000003477786	-0.000000071798	0.000000012762	-0.000001406555	-0.000001190548	-0.000000159046	-0.000000188015
214835621.000000000000	96.044997000000	16.651000000000	0.001085525643	-0.000444754403	0.000143690069	-0.000017269281	0.006902522993	300.000000000000	0.002287499772	0.006881138761	-0.000005288981	-0.000000773929	1688.048587734716	0.000003571011	0.000003403302	0.000000223353	-0.000000096313	-0.000000379247	-0.000000564178	0.000000187755	-0.000000111324
214835952.000000000000	96.044997000000	16.700700000000	0.000813400765	-0.000331369702	0.000142616946	-0.000018799733	0.006896342606	300.000000000000	0.002287623634	0.006885527981	-0.000006081071	-0.000000790693	1692.516995072679	0.000003302467	0.000003771166	-0.000000365899	0.000000128760	-0.000000283959	-0.000000579318	0.000000015597	-0.000000220396
214836362.000000000000	96.044997000000	16.751000000000	0.000655744512	-0.000268694382	0.000142645878	-0.000018946530	0.006871759212	300.000000000000	0.002286744987	0.006864873846	-0.000005363021	-0.000001051230	1697.037472648844	0.000003226538	0.000003732754	-0.000000136344	-0.000000343673	-0.000000165068	-0.000000645305	-0.000000038628	0.000000019814
214836707.000000000000	96.044997000000	16.799700000000	0.000558943636	-0.000226422382	0.000142896801	-0.000018586081	0.006863166155	300.000000000000	0.002287913935	0.006854645873	-0.000005810056	0.000000195578	1701.412361318984	0.000003208868	0.000003529321	0.000000009837	-0.000000193655	-0.000000245397	-0.000000435896	-0.000000049197	0.000000006687
214837070.000000000000	96.044997000000	16.851200000000	0.000479845883	-0.000194408763	0.000142714047	-0.000018501572	0.006860066608	300.000000000000	0.002287035289	0.006843642088	-0.000005773734	0.000001664506	1706.036861128534	0.000003383624	0.000003462981	-0.000000198211	0.000000202483	-0.000000328595	-0.000000148844	-0.000000334167	0.000000023655
214837382.000000000000	96.044997000000	16.900200000000	0.000435362061	-0.000175339342	0.000143182473	-0.000018663374	0.006839269753	300.000000000000	0.002286268893	0.006824848299	-0.000007788185	0.000002738787	1710.435036182058	0.000003539947	0.000003438270	-0.000000225974	-0.000000009110	-0.000000276916	-0.000000822891	-0.000000297641	0.000000129762
214837686.000000000000	96.044997000000	16.951100000000	0.000395415192	-0.000157629383	0.000143216496	-0.000019236735	0.006814682967	300.000000000000	0.002285560557	0.006800716543	-0.000010306947	0.000002495013	1715.001858675330	0.000003632521	0.000003747883	-0.000000026246	-0.000000110127	0.000000199040	-0.000000340359	0.000000094549	0.000000082450
214838002.000000000000	96.044997000000	17.000600000000	0.000368352250	-0.000148289818	0.000142785105	-0.000018654835	0.006800735461	300.000000000000	0.002284952859	0.006788787216	-0.000012213131	0.000001558335	1719.441220136960	0.000003349594	0.000003117783	-0.000000144250	-0.000000329659	0.000000086161	-0.000000127398	-0.000000148759	-0.000000094169
