213907937.000000000000	95.450416000000	7.997000000000	0.000233723223	-0.000087752950	0.000143035085	-0.000023512792	0.003374174619	300.000000000000	0.002218973101	0.002491094676	-0.000008789124	0.000002353918	881.822906291725	0.000003864418	0.000003637695	0.000000013023	0.000000153382	0.000000185446	-0.000000145775	-0.000000000479	-0.000000116672
213908378.000000000000	95.450021000000	8.050900000000	0.000255281741	-0.000102203953	0.000142706375	-0.000024032636	0.003608926409	300.000000000000	0.002218566678	0.003599829740	-0.000009017531	0.000001362758	887.017901282105	0.000003589411	0.000003062124	0.000000094817	-0.000000220105	0.000000424760	-0.000000217769	0.000000184288	-0.000000022545
213908690.000000000000	95.450004000000	8.100600000000	0.000274319855	-0.000113182613	0.000143044961	-0.000024493933	0.003861808586	300.000000000000	0.002218009299	0.003853987857	-0.000009410782	-0.000000032829	891.806165755774	0.000003775114	0.000003363516	0.000000152554	-0.000000335174	-0.000000141053	0.000000052266	-0.000000333983	-0.000000095750
213909014.000000000000	95.450004000000	8.150500000000	0.000284823786	-0.000119601630	0.000142793107	-0.000023690474	0.004100817940	300.000000000000	0.002217951239	0.004096895671	-0.000008182134	0.000001121080	896.611839971893	0.000003752629	0.000003294593	-0.000000194486	-0.000000333883	-0.000000041916	-0.000000254983	0.000000143595	0.000000220339
213909342.000000000000	95.449988000000	8.200800000000	0.000290380635	-0.000119040568	0.000142911467	-0.000024158452	0.004376095635	300.000000000000	0.002219739497	0.004368890743	-0.000008031260	0.000002749264	901.454151396101	0.000003957924	0.000003264735	0.000000020975	-0.000000196887	0.000000099122	-0.000000159463	-0.000000051956	0.000000042057
213909648.000000000000	95.449988000000	8.250200000000	0.000293054869	-0.000117447659	0.000143192675	-0.000023662588	0.004683805748	300.000000000000	0.002220583307	0.004662099023	-0.000006641960	0.000004075700	906.207978696539	0.000004139707	0.000003094127	0.000000135380	-0.000000225819	0.000000189518	-0.000000034099	-0.000000107063	0.000000126713
213909981.000000000000	95.449988000000	8.300600000000	0.000297744422	-0.000118543031	0.000143490450	-0.000023982517	0.004991865662	300.000000000000	0.002218353790	0.004985573222	-0.000008056406	0.000004664529	911.056155660344	0.000003809750	0.000003036492	0.000000085806	-0.000000242593	0.000000066405	-0.000000092138	0.000000028293	0.000000029317
213910492.000000000000	95.449988000000	8.350400000000	0.000294237556	-0.000116859620	0.000143137326	-0.000024400834	0.005316860791	300.000000000000	0.002216790032	0.005302172261	-0.000008284813	0.000003715977	915.844749415597	0.000003819832	0.000003180111	0.000000043413	-0.000000087037	0.000000038595	-0.000000492534	0.000000213795	-0.000000193670
213910814.000000000000	95.449988000000	8.400800000000	0.000291340316	-0.000118401272	0.000143219974	-0.000023798858	0.005739088805	300.000000000000	0.002216522955	0.005726680749	-0.000007332768	0.000004776986	920.689147657251	0.000003953664	0.000003225500	0.000000247294	0.000000018203	-0.000000188071	-0.000000063315	0.000000083029	-0.000000121277
213911189.000000000000	95.449988000000	8.450700000000	0.000283490135	-0.000119591742	0.000143160848	-0.000024361489	0.006107388240	300.000000000000	0.002219236307	0.006089033467	-0.000007567462	0.000004841946	925.483613752456	0.000003701248	0.000003164958	0.000000320372	-0.000000036998	0.000000287109	0.000000012741	0.000000069995	0.000000014654
213911550.000000000000	95.449988000000	8.500800000000	0.000269799713	-0.000110673084	0.000143352250	-0.000025051453	0.006465595564	300.000000000000	0.002218922782	0.006435633294	-0.000006711110	0.000003512716	930.295421521150	0.000004161551	0.000003229931	-0.000000100290	-0.000000122765	0.000000052739	-0.000000082795	0.000000198302	-0.000000026047
213911873.000000000000	95.449988000000	8.550100000000	0.000266127030	-0.000113470372	0.000143442398	-0.000025190168	0.006776288769	300.000000000000	0.002219491773	0.006756756689	-0.000006873859	0.000003035646	935.028560318287	0.000003482280	0.000003177261	-0.000000011664	0.000000011419	0.000000362687	-0.000000007803	0.000000268521	0.000000155024
213912222.000000000000	95.449988000000	8.601700000000	0.000254423674	-0.000102094556	0.000143214783	-0.000024880726	0.007094027490	300.000000000000	0.002220184626	0.007116702660	-0.000006603543	0.000002152752	939.980566590495	0.000003688982	0.000003443073	-0.000000278506	-0.000000009639	0.000000158973	-0.000000206427	0.000000250124	-0.000000148699
213912676.000000000000	95.449988000000	8.649900000000	0.000258432716	-0.000106398861	0.000142939450	-0.000024530814	0.007449054527	300.000000000000	0.002219344687	0.007434630840	-0.000007248949	0.000003054505	944.604477673351	0.000003752183	0.000003023974	-0.000000085059	-0.000000085535	0.000000306019	0.000000094798	0.000000056209	0.000000158291
213913020.000000000000	95.449988000000	8.701400000000	0.000253139862	-0.000101903353	0.000143103147	-0.000024468368	0.007842469933	300.000000000000	0.002217873825	0.007837626384	-0.000008978415	0.000002633315	949.543041959521	0.000004022119	0.000003368898	0.000000091314	-0.000000056971	0.000000122142	0.000000092134	0.000000067424	-0.000000043558
213913325.000000000000	95.449988000000	8.750300000000	0.000255425943	-0.000107447084	0.000143249376	-0.000025219667	0.008165396533	300.000000000000	0.002218268635	0.008174621039	-0.000009539304	0.000004330650	954.230443162876	0.000003854482	0.000003244080	0.000000446447	-0.000000162341	0.000000364843	-0.000000398966	0.000000015438	-0.000000040055
213913648.000000000000	95.450004000000	8.800700000000	0.000248754056	-0.000100892501	0.000143401009	-0.000024317836	0.008544527646	300.000000000000	0.002217703515	0.008525803373	-0.000010406831	0.000003745314	959.059756466684	0.000003760702	0.000003688560	-0.000000051472	0.000000072571	-0.000000118309	0.000000048524	0.000000175288	0.000000056864
213914031.000000000000	95.450004000000	8.850500000000	0.000251492683	-0.000102678275	0.000143311318	-0.000024589715	0.008819307369	300.000000000000	0.002216488118	0.008805334453	-0.000009997515	0.000002332265	963.829710170970	0.000004111422	0.000003300646	-0.000000001984	0.000000103310	-0.000000215928	-0.000000342383	0.000000181611	0.000000059231
213914352.000000000000	95.450004000000	8.900700000000	0.000255838653	-0.000104158419	0.000142864451	-0.000024190157	0.009126996547	300.000000000000	0.002217715127	0.009111555667	-0.000008835224	0.000002893154	968.636097651992	0.000003486816	0.000003647793	-0.000000197571	0.000000067913	0.000000308359	-0.000000280203	0.000000009254	-0.000000099286
213914680.000000000000	95.450004000000	8.950600000000	0.000261223667	-0.000110791534	0.000142988208	-0.000023720506	0.009317074373	300.000000000000	0.002215795265	0.009315691995	-0.000009468757	0.000003872439	973.411891876143	0.000003775181	0.000002726848	-0.000000003823	0.000000102995	0.000000091391	-0.000000057812	-0.000000043322	0.000000058248
213914991.000000000000	95.450004000000	9.000900000000	0.000261247121	-0.000107988957	0.000143056003	-0.000023846069	0.009661265739	300.000000000000	0.002217684161	0.009645520313	-0.000009028707	0.000004689675	978.224082240524	0.000003814809	0.000002834551	-0.000000190859	0.000000132538	0.000000169159	-0.000000277525	-0.000000069763	0.000000105645
213915290.000000000000	95.450004000000	9.050000000000	0.000270362078	-0.000113974187	0.000143038885	-0.000024434075	0.009955684272	300.000000000000	0.002218659575	0.009932846992	-0.000008345582	0.000004709233	982.919641719478	0.000003785895	0.000003289916	-0.000000251957	-0.000000159068	0.000000253008	0.000000146383	0.000000046087	0.000000017412
213915616.000000000000	95.450004000000	9.101300000000	0.000267036076	-0.000110190858	0.000143111408	-0.000024234951	0.010314513107	300.000000000000	0.002217757704	0.010330582109	-0.000007808441	0.000004420755	987.823664573167	0.000003769419	0.000003155957	0.000000184382	-0.000000217796	0.000000134800	-0.000000307074	0.000000022404	0.000000532948
213915936.000000000000	95.450004000000	9.150000000000	0.000269012367	-0.000110914493	0.000143180830	-0.000023670792	0.010535995368	300.000000000000	0.002217897049	0.010505666478	-0.000007602386	0.000004181173	992.477317117467	0.000003948470	0.000003239927	0.000000125550	0.000000343053	0.000000177049	-0.000000371791	-0.000000309436	-0.000000008226
213916287.000000000000	95.450004000000	9.201200000000	0.000283475128	-0.000117728963	0.000143088758	-0.000023820607	0.010905294115	300.000000000000	0.002214823722	0.010847366885	-0.000008756295	0.000003925525	997.367948427745	0.000003768485	0.000003199602	-0.000000044254	-0.000000193063	0.000000342241	0.000000120530	-0.000000243194	0.000000112594
213916658.000000000000	95.450004000000	9.250600000000	0.000306285231	-0.000126265964	0.000143281819	-0.000024234793	0.011155687482	300.000000000000	0.002218934394	0.011171813252	-0.000008727657	0.000003891997	1002.084782688786	0.000003708358	0.000003304662	-0.000000031918	-0.000000212474	-0.000000092968	-0.000000416491	0.000000105322	-0.000000116643
213917068.000000000000	95.450004000000	9.299900000000	0.000330621943	-0.000137047080	0.000143306634	-0.000024146248	0.011374226685	300.000000000000	0.002218988583	0.011331347616	-0.000007733004	0.000003630063	1006.790246682111	0.000003523494	0.000003176430	-0.000000305354	-0.000000184492	0.000000005692	-0.000000097982	-0.000000149066	-0.000000129972
213917404.000000000000	95.450004000000	9.351000000000	0.000392408404	-0.000161821385	0.000143312564	-0.000024360727	0.011504553726	300.000000000000	0.002219127928	0.011498924575	-0.000007199356	0.000002403511	1011.665591464343	0.000003595261	0.000003282769	0.000000076304	-0.000000305748	0.000000099665	-0.000000267071	0.000000066269	-0.000000163742
213917794.000000000000	95.450004000000	9.400800000000	0.000481611926	-0.000202650560	0.000142966972	-0.000024967496	0.011756550486	300.000000000000	0.002218891816	0.011721896309	-0.000007200753	0.000003187219	1016.415024291004	0.000003647044	0.000003168132	-0.000000125597	0.000000283419	0.000000068573	-0.000000291921	0.000000023343	0.000000279859
213918097.000000000000	95.450004000000	9.450700000000	0.000598274311	-0.000251017619	0.000143359502	-0.000024374199	0.011891314979	300.000000000000	0.002218071230	0.011890474123	-0.000006592367	0.000003868947	1021.172131054582	0.000003883199	0.000003259407	0.000000016080	-0.000000067059	-0.000000383068	-0.000000446339	0.000000017932	-0.000000069285
213918431.000000000000	95.450004000000	9.500800000000	0.000688267427	-0.000290219770	0.000143182246	-0.000024893410	0.011984559768	300.000000000000	0.002219282756	0.012023605373	-0.000007008668	0.000003680354	1025.946428143678	0.000003968590	0.000003064223	-0.000000277690	-0.000000018296	-0.000000089422	-0.000000857434	0.000000079704	-0.000000296760
213918753.000000000000	95.450004000000	9.550400000000	0.000736740696	-0.000312880971	0.000143183629	-0.000024444594	0.012069771664	300.000000000000	0.002219333075	0.012079740601	-0.000005732523	0.000002589310	1030.671225560653	0.000003663572	0.000003648795	0.000000089794	-0.000000039692	-0.000000287127	-0.000000452097	-0.000000129945	0.000000065382
213919078.000000000000	95.450004000000	9.601500000000	0.000685948119	-0.000287999794	0.000143138732	-0.000024067239	0.012161238752	300.000000000000	0.002219429842	0.012121240385	-0.000005860347	0.000002065441	1035.536982794014	0.000003743911	0.000003391628	-0.000000080508	-0.000000143655	-0.000000118169	-0.000000545796	-0.000000089327	-0.000000140793
213919378.000000000000	95.450004000000	9.650000000000	0.000600723958	-0.000251377641	0.000143233382	-0.000024692971	0.012078270332	300.000000000000	0.002218856980	0.012093687629	-0.000006136950	0.000003764173	1040.153358033831	0.000003811965	0.000002772106	-0.000000015217	0.000000065080	0.000000141523	-0.000000191219	0.000000094398	0.000000193831
213919714.000000000000	95.450004000000	9.700900000000	0.000497859764	-0.000206649815	0.000143366249	-0.000023575087	0.011991469503	300.000000000000	0.002219391135	0.011977163532	-0.000005401438	0.000004026806	1044.996277471411	0.000004015295	0.000003277889	0.000000090235	-0.000000100058	-0.000000390788	-0.000000536665	0.000000031632	0.000000065948
213920064.000000000000	95.450004000000	9.750500000000	0.000445158979	-0.000184852897	0.000142843270	-0.000024167424	0.011962900719	300.000000000000	0.002218129290	0.011917199197	-0.000006845919	0.000004720408	1049.713640336515	0.000003675715	0.000002941108	-0.000000075702	-0.000000007553	0.000000150390	-0.000000476250	0.000000081161	0.000000058000
213920473.000000000000	95.450004000000	9.800100000000	0.000408847901	-0.000168249343	0.000142916571	-0.000024750615	0.011802817067	300.000000000000	0.002218508618	0.011760743999	-0.000007130206	0.000004521338	1054.429160224936	0.000003436855	0.000003199808	0.000000224705	0.000000123919	0.000000201649	-0.000000055662	0.000000095515	-0.000000011180
213920894.000000000000	95.450004000000	9.850700000000	0.000384656844	-0.000159685655	0.000142948190	-0.000023842447	0.011655793274	300.000000000000	0.002217494498	0.011632461181	-0.000007654075	0.000004149042	1059.237851942971	0.000003496200	0.000003241720	-0.000000181585	0.000000250446	0.000000036104	-0.000000393746	0.000000071829	-0.000000158113
213921261.000000000000	95.450004000000	9.900600000000	0.000350670318	-0.000147467220	0.000143268186	-0.000024150817	0.011475808633	300.000000000000	0.002218210575	0.011453258814	-0.000007919502	0.000003339490	1063.978141740046	0.000003850252	0.000002958524	-0.000000183867	-0.000000212000	-0.000000150222	-0.000000557211	-0.000000318268	0.000000226109
213921648.000000000000	95.450004000000	9.950400000000	0.000316904671	-0.000131882679	0.000142431234	-0.000023946027	0.011321497428	300.000000000000	0.002217343541	0.011274509214	-0.000006540678	0.000004675006	1068.707072083740	0.000003677293	0.000003102007	-0.000000402415	-0.000000076263	-0.000000009354	-0.000000075596	0.000000066478	0.000000177620
213921990.000000000000	95.450004000000	10.000900000000	0.000290789924	-0.000123171420	0.000142817238	-0.000023664000	0.011118585830	300.000000000000	0.002216310067	0.011096726324	-0.000006132759	0.000005581649	1073.500575924456	0.000003794479	0.000003149253	-0.000000111526	0.000000156835	0.000000061204	-0.000000232003	-0.000000034705	0.000000227268
213922334.000000000000	95.450004000000	10.050700000000	0.000268446314	-0.000109971869	0.000142587148	-0.000024664313	0.010898601583	300.000000000000	0.002216604239	0.010874129602	-0.000009288546	0.000004263595	1078.225764005485	0.000004047339	0.000003177192	-0.000000096309	0.000000073310	0.000000333397	0.000000183773	-0.000000219345	-0.000000304210
213922697.000000000000	95.450004000000	10.100900000000	0.000257125205	-0.000110161275	0.000142656127	-0.000024561822	0.010670480063	300.000000000000	0.002217676420	0.010648434988	-0.000009384239	0.000002626330	1082.987024824968	0.000003560003	0.000003397513	-0.000000342557	-0.000000179811	0.000000328558	-0.000000113295	-0.000000027742	-0.000000205681
213923062.000000000000	95.450004000000	10.150700000000	0.000236988969	-0.000101814586	0.000142917797	-0.000024660262	0.010477383575	300.000000000000	0.002218574420	0.010459410808	-0.000009453390	0.000004070112	1087.708481679054	0.000003410661	0.000003603382	0.000000121082	-0.000000124411	0.000000433397	-0.000000075075	-0.000000000468	0.000000104577
213923462.000000000000	95.450004000000	10.200600000000	0.000216719252	-0.000090665144	0.000143052666	-0.000023411083	0.010292117098	300.000000000000	0.002216913894	0.010270359322	-0.000010705087	0.000005092705	1092.437555564351	0.000003922321	0.000002849420	-0.000000092550	0.000000117494	0.000000104853	0.000000059076	-0.000000243491	-0.000000039787
213923842.000000000000	95.450004000000	10.250100000000	0.000200030862	-0.000081930430	0.000142900567	-0.000023190619	0.010152336639	300.000000000000	0.002213321895	0.010127489323	-0.000009345822	0.000005362323	1097.126877706331	0.000003726057	0.000003278685	0.000000213207	-0.000000008196	0.000000012987	-0.000000085140	0.000000136326	0.000000092311
213924161.000000000000	95.450004000000	10.301000000000	0.000187651559	-0.000076457002	0.000143467077	-0.000023455697	0.010026664745	300.000000000000	0.002216302325	0.010005629353	-0.000007250346	0.000005685724	1101.946912569112	0.000003597939	0.000002891816	0.000000117528	-0.000000185685	-0.000000097623	0.000000114646	0.000000108236	0.000000016898
213924467.000000000000	95.450004000000	10.350400000000	0.000186294931	-0.000082421415	0.000143238896	-0.000023161520	0.009903793819	300.000000000000	0.002217297092	0.009882382623	-0.000008009607	0.000005156267	1106.623046852816	0.000003795493	0.000002772321	0.000000020723	0.000000081584	0.000000412048	-0.000000191656	-0.000000131955	-0.000000591535
213924834.000000000000	95.450004000000	10.400800000000	0.000174795136	-0.000071650162	0.000143129373	-0.000022982431	0.009799050817	300.000000000000	0.002216062343	0.009778311649	-0.000008705305	0.000002428656	1111.391955230585	0.000003753036	0.000002813978	-0.000000243985	0.000000125540	0.000000515906	-0.000000086076	-0.000000335716	-0.000000014472
213925188.000000000000	95.450004000000	10.450800000000	0.000175809132	-0.000075042166	0.000143148373	-0.000021825729	0.009702501515	300.000000000000	0.002216495860	0.009679967602	-0.000008818461	0.000003384193	1116.121134324489	0.000003955130	0.000003125819	0.000000424437	-0.000000481294	0.000000418589	0.000000027481	0.000000076239	0.000000122983
213925526.000000000000	95.450004000000	10.501000000000	0.000180516429	-0.000075306425	0.000143572190	-0.000021009426	0.009597582597	300.000000000000	0.002217479015	0.009575773465	-0.000007845461	0.000004211208	1120.867345543544	0.000003806639	0.000003302982	-0.000000157053	0.000000104816	0.000000472193	-0.000000004809	-0.000000031613	0.000000098418
213925826.000000000000	95.450004000000	10.550000000000	0.000181464898	-0.000071559599	0.000143049707	-0.000022240930	0.009500360509	300.000000000000	0.002216426187	0.009480572361	-0.000007721828	0.000006003538	1125.498280309679	0.000003778852	0.000003028708	0.000000011281	0.000000363987	0.000000116292	0.000000047286	0.000000124407	-0.000000194961
213926156.000000000000	95.450004000000	10.600700000000	0.000184964290	-0.000072653471	0.000143146272	-0.000022275552	0.009428289494	300.000000000000	0.002214254731	0.009406796631	-0.000007320894	0.000005965121	1130.287986251045	0.000003590035	0.000002954673	0.000000112874	0.000000075601	0.000000023256	-0.000000297851	-0.000000058033	0.000000277250
213926492.000000000000	95.450004000000	10.650700000000	0.000196762346	-0.000083041918	0.000143215595	-0.000022813175	0.009392642351	300.000000000000	0.002219565316	0.009373611049	-0.000007402617	0.000004737172	1135.009675617137	0.000003724716	0.000003194650	-0.000000072660	0.000000071730	0.000000223832	-0.000000454811	0.000000313501	-0.000000182381
213926865.000000000000	95.450004000000	10.700600000000	0.000196838796	-0.000079761567	0.000143051897	-0.000023252009	0.009373323865	300.000000000000	0.002220211721	0.009355377910	-0.000007283874	0.000004691770	1139.720053804351	0.000004142083	0.000003196667	-0.000000085204	-0.000000001116	0.000000019693	-0.000000172961	-0.000000046636	0.000000261514
213927290.000000000000	95.450004000000	10.750300000000	0.000203832800	-0.000082214910	0.000143070340	-0.000022505900	0.009366153898	300.000000000000	0.002219147282	0.009344992203	-0.000008247094	0.000006211689	1144.409697977440	0.000004103950	0.000002848240	-0.000000130636	-0.000000218997	0.000000401594	-0.000000354106	0.000000104425	0.000000055855
213927636.000000000000	95.450004000000	10.800500000000	0.000208388372	-0.000087159012	0.000142876616	-0.000022523079	0.009377282291	300.000000000000	0.002219406618	0.009355210923	-0.000008239411	0.000006191432	1149.144642610585	0.000003935888	0.000003169697	-0.000000021850	-0.000000086511	0.000000309728	-0.000000459006	-0.000000192711	-0.000000430061
213927985.000000000000	95.450004000000	10.850900000000	0.000221574729	-0.000095950724	0.000143310354	-0.000023597668	0.009346086962	300.000000000000	0.002218458299	0.009326289428	-0.000008849194	0.000003597233	1153.896551788705	0.000003901315	0.000003068499	0.000000091268	0.000000274726	0.000000264193	-0.000000239685	0.000000073809	0.000000266760
213928342.000000000000	95.450004000000	10.900800000000	0.000214842239	-0.000087763031	0.000142822953	-0.000023585679	0.009306653830	300.000000000000	0.002217602877	0.009285053835	-0.000007513678	0.000003182329	1158.599443680347	0.000003850234	0.000003108241	-0.000000235921	-0.000000258220	0.000000319491	0.000000122024	-0.000000120993	0.000000128701
213928707.000000000000	95.450004000000	10.950300000000	0.000221827246	-0.000091462017	0.000143302512	-0.000022951122	0.009255923256	300.000000000000	0.002217413213	0.009238479493	-0.000007671537	0.000003098510	1163.262793426537	0.000003981217	0.000003401238	0.000000309703	-0.000000260662	0.000000281926	-0.000000175222	-0.000000083424	-0.000000142130
213929066.000000000000	95.450004000000	11.001000000000	0.000229415418	-0.000093982612	0.000142667423	-0.000022803509	0.009197808999	300.000000000000	0.002220362678	0.009180270374	-0.000007913215	0.000004262198	1168.037290564462	0.000003734333	0.000002990211	-0.000000214842	0.000000091419	0.000000222187	-0.000000170674	0.000000016528	-0.000000109475
213929406.000000000000	95.450004000000	11.050300000000	0.000247816513	-0.000104378890	0.000143145546	-0.000022736978	0.009129000831	300.000000000000	0.002219286626	0.009111098990	-0.000008252682	0.000004751142	1172.678100285792	0.000004062863	0.000002980035	-0.000000244379	-0.000000082992	0.000000197706	-0.000000253410	-0.000000224723	0.000000232981
213929707.000000000000	95.450004000000	11.101000000000	0.000264232089	-0.000110660886	0.000143173867	-0.000023029981	0.009083717307	300.000000000000	0.002218396368	0.009065520644	-0.000009317184	0.000004133675	1177.448797987499	0.000003789226	0.000002863305	-0.000000476090	-0.000000158014	0.000000012205	0.000000140359	0.000000000631	-0.000000096388
213930021.000000000000	95.450004000000	11.150900000000	0.000273443794	-0.000111882121	0.000142933789	-0.000023035807	0.009052895217	300.000000000000	0.002218036394	0.009029323593	-0.000008279225	0.000003150199	1182.142337444509	0.000003873757	0.000002915781	-0.000000212493	-0.000000081154	0.000000607686	-0.000000211947	-0.000000159783	0.000000151565
213930343.000000000000	95.450004000000	11.200900000000	0.000285283124	-0.000119539974	0.000143012460	-0.000021975091	0.009009327431	300.000000000000	0.002217703515	0.008987352623	-0.000007873401	0.000003570691	1186.843411174390	0.000003794221	0.000003081918	-0.000000421708	0.000000130684	0.000000204905	-0.000000317537	0.000000125246	0.000000012497
213930747.000000000000	95.450004000000	11.250300000000	0.000303300575	-0.000123732638	0.000143110354	-0.000022259385	0.008939189482	300.000000000000	0.002218024782	0.008918414338	-0.000006762799	0.000004475238	1191.486232118483	0.000003880765	0.000002903936	0.000000111716	0.000000039309	0.000000067062	-0.000000208708	-0.000000137944	-0.000000133577
213931186.000000000000	95.450004000000	11.301100000000	0.000333583005	-0.000137108638	0.000143169766	-0.000021625726	0.008857626180	300.000000000000	0.002218961488	0.008833530961	-0.000007455703	0.000003729947	1196.258723716623	0.000003607472	0.000002990299	-0.000000218093	-0.000000062389	-0.000000090850	-0.000000025796	0.000000014760	-0.000000088499
213931567.000000000000	95.450004000000	11.350100000000	0.000373451050	-0.000154373983	0.000143108298	-0.000022541633	0.008774285037	300.000000000000	0.002219429842	0.008752488208	-0.000008337898	0.000003156485	1200.860278944485	0.000003618077	0.000003093748	0.000000216053	-0.000000088524	0.000000195774	-0.000000110881	0.000000024568	0.000000118759
213931903.000000000000	95.450004000000	11.401000000000	0.000455708488	-0.000191186629	0.000143056644	-0.000022547974	0.008673822750	300.000000000000	0.002219700790	0.008655634135	-0.000007234281	0.000002784189	1205.638356537624	0.000004077325	0.000003269236	-0.000000272933	0.000000084599	-0.000000229972	-0.000000307957	-0.000000021051	0.000000126946
213932249.000000000000	95.450004000000	11.450500000000	0.000576945972	-0.000242934610	0.000142677129	-0.000023104315	0.008563920604	300.000000000000	0.002218520230	0.008551347572	-0.000007763039	0.000002203044	1210.283151382997	0.000003788285	0.000003378603	-0.000000226745	0.000000058543	-0.000000220740	-0.000000675062	-0.000000138556	0.000000009082
213932560.000000000000	95.450004000000	11.501000000000	0.000706168725	-0.000297373089	0.000143033430	-0.000022791856	0.008463892959	300.000000000000	0.002219422100	0.008444636468	-0.000007248251	0.000002686400	1215.019888282770	0.000004074152	0.000003032774	-0.000000069660	-0.000000263720	-0.000000314551	-0.000000224403	0.000000130603	0.000000007036
213932906.000000000000	95.450004000000	11.550500000000	0.000774206745	-0.000323449042	0.000143136762	-0.000022689409	0.008386992000	300.000000000000	0.002217835118	0.008368628782	-0.000006086659	0.000002773711	1219.660973709175	0.000003895845	0.000002936065	0.000000121084	0.000000059042	-0.000000570261	-0.000000609098	-0.000000113795	-0.000000059824
213933213.000000000000	95.450004000000	11.600700000000	0.000721633541	-0.000300388214	0.000143221646	-0.000022670589	0.008337803529	300.000000000000	0.002214560516	0.008319931929	-0.000005187700	0.000003368128	1224.365815373038	0.000003664532	0.000003150834	-0.000000345980	-0.000000171142	-0.000000208445	-0.000000292216	-0.000000112417	0.000000071800
213933532.000000000000	95.450004000000	11.650600000000	0.000611488138	-0.000256840175	0.000142557399	-0.000022468864	0.008248739863	300.000000000000	0.002218361532	0.008231159817	-0.000005457317	0.000002170214	1229.040668924181	0.000003924134	0.000002962968	-0.000000502437	-0.000000387285	0.000000036546	-0.000000512631	-0.000000127236	0.000000169031
213933925.000000000000	95.450004000000	11.700900000000	0.000523110120	-0.000217147619	0.000142829942	-0.000022610930	0.008194398567	300.000000000000	0.002219236307	0.008200081143	-0.000004171394	0.000001033768	1233.751107853779	0.000004036745	0.000002689684	0.000000001567	0.000000002799	-0.000000137721	-0.000000364033	0.000000083804	-0.000000206197
213934231.000000000000	95.450004000000	11.750400000000	0.000481567076	-0.000198908518	0.000142729632	-0.000022141508	0.008148531798	300.000000000000	0.002219789816	0.008114059095	-0.000003965339	0.000001596753	1238.384778340584	0.000003761984	0.000002888128	0.000000067750	-0.000000197827	-0.000000186886	-0.000000273025	-0.000000025404	-0.000000137893
213934600.000000000000	95.450004000000	11.800600000000	0.000454803215	-0.000189167179	0.000142895163	-0.000022071736	0.008049231291	300.000000000000	0.002218028653	0.008031934381	-0.000004876172	0.000002805842	1243.082100283633	0.000004080647	0.000003056750	-0.000000110707	-0.000000145249	-0.000000175201	-0.000000153976	0.000000129516	-0.000000230941
213934924.000000000000	95.450004000000	11.850900000000	0.000465600751	-0.000194475050	0.000142716164	-0.000021665592	0.007990244381	300.000000000000	0.002218233799	0.007964207751	-0.000006153015	0.000002897345	1247.786885456191	0.000003550077	0.000002928359	0.000000060631	-0.000000362331	-0.000000151449	-0.000000283359	0.000000121809	-0.000000164455
213935231.000000000000	95.450004000000	11.900000000000	0.000495805540	-0.000208703944	0.000142683717	-0.000022609115	0.007920292893	300.000000000000	0.002218311213	0.007899151602	-0.000007177703	0.000002775807	1252.377600692180	0.000003906490	0.000003125831	-0.000000029494	0.000000130392	0.000000113855	-0.000000238796	0.000000475099	0.000000107744
213935704.000000000000	95.450004000000	11.950900000000	0.000524150214	-0.000220148844	0.000142604123	-0.000022595512	0.007881260578	300.000000000000	0.002218272506	0.007850873440	-0.000008441275	0.000003808178	1257.134703998225	0.000003735378	0.000003065769	-0.000000005134	0.000000095454	0.000000184962	-0.000000040301	-0.000000066798	-0.000000283406
213936042.000000000000	95.450004000000	12.000800000000	0.000509774295	-0.000213221688	0.000142893163	-0.000022831856	0.007852623272	300.000000000000	0.002214982421	0.007833784804	-0.000009811716	0.000003737630	1261.796463062892	0.000003944114	0.000003047320	-0.000000160649	0.000000032616	0.000000047546	-0.000000190283	-0.000000119935	0.000000027402
213936404.000000000000	95.450004000000	12.050600000000	0.000455938259	-0.000190700631	0.000142701847	-0.000022087112	0.007777244208	300.000000000000	0.002218907299	0.007777075694	-0.000007735100	0.000004335539	1266.447019803543	0.000003621151	0.000003024221	-0.000000376600	0.000000171835	-0.000000031144	-0.000000383712	0.000000043117	0.000000184980
213936760.000000000000	95.450004000000	12.100700000000	0.000391186662	-0.000157705057	0.000142834550	-0.000021969472	0.007759502208	300.000000000000	0.002219023420	0.007737132536	-0.000007233582	0.000005422393	1271.123716897402	0.000003851941	0.000003465061	0.000000140542	-0.000000279246	-0.000000078482	-0.000000306734	-0.000000173473	0.000000135694
213937109.000000000000	95.450004000000	12.150900000000	0.000359297042	-0.000148571844	0.000142848745	-0.000022292445	0.007671812012	300.000000000000	0.002219967868	0.007655085667	-0.000007325783	0.000004739268	1275.807862435944	0.000003618523	0.000002910782	-0.000000060836	0.000000214224	-0.000000027553	0.000000032995	-0.000000117019	0.000000042231
213937434.000000000000	95.450004000000	12.200200000000	0.000338499380	-0.000138324790	0.000142777837	-0.000022316267	0.007598409912	300.000000000000	0.002215443033	0.007585064624	-0.000006184448	0.000003952067	1280.406191617472	0.000003965497	0.000003171949	0.000000303866	-0.000000069807	0.000000194376	-0.000000032795	-0.000000293630	-0.000000218451
213937760.000000000000	95.450004000000	12.250500000000	0.000337124888	-0.000139282461	0.000143266521	-0.000021981677	0.007544179814	300.000000000000	0.002218984713	0.007519781850	-0.000004965579	0.000003013993	1285.095916422088	0.000003744715	0.000002895171	-0.000000072002	0.000000128712	0.000000243373	-0.000000274820	-0.000000078206	-0.000000087619
213938188.000000000000	95.450004000000	12.300400000000	0.000338966846	-0.000139364378	0.000142935448	-0.000021356267	0.007491232306	300.000000000000	0.002216886799	0.007466391705	-0.000005754177	0.000003852881	1289.746474165877	0.000003801433	0.000003081825	-0.000000095048	-0.000000221694	0.000000271605	-0.000000283398	-0.000000232126	0.000000019335
213938527.000000000000	95.450004000000	12.350500000000	0.000343723929	-0.000143935722	0.000142771533	-0.000022113062	0.007447634031	300.000000000000	0.002219244049	0.007425000173	-0.000004936941	0.000003691530	1294.413794680318	0.000003779826	0.000002839175	0.000000015588	-0.000000092638	-0.000000133104	-0.000000418398	-0.000000235699	0.000000238068
213938832.000000000000	95.450004000000	12.401000000000	0.000339372494	-0.000138981560	0.000143163140	-0.000022027604	0.007413088429	300.000000000000	0.002216940989	0.007399827750	-0.000004823785	0.000003396766	1299.116476200366	0.000003949347	0.000002928381	0.000000224661	-0.000000029682	0.000000066947	-0.000000150058	-0.000000023068	-0.000000095091
213939167.000000000000	95.450004000000	12.450800000000	0.000347195161	-0.000144579846	0.000143192519	-0.000021314836	0.007361705189	300.000000000000	0.002218013170	0.007351791678	-0.000004983041	0.000004760223	1303.752101024682	0.000003619113	0.000002957545	-0.000000308769	-0.000000356986	0.000000171856	-0.000000491741	-0.000000067551	-0.000000096551
213939566.000000000000	95.450004000000	12.501200000000	0.000349000789	-0.000144483932	0.000142259543	-0.000022429788	0.007302357825	300.000000000000	0.002218148644	0.007289946393	-0.000005044509	0.000005184906	1308.441685131225	0.000003841457	0.000003110770	-0.000000094676	0.000000187299	-0.000000093524	-0.000000162941	-0.000000024468	-0.000000176244
213939891.000000000000	95.450004000000	12.549100000000	0.000357992133	-0.000151145507	0.000142688765	-0.000022228197	0.007263350597	300.000000000000	0.002218361532	0.007244565894	-0.000004883856	0.000005397946	1312.896887323479	0.000003967167	0.000002931866	-0.000000193873	0.000000238546	0.000000016921	-0.000000244900	0.000000334693	0.000000138277
213940198.000000000000	95.450004000000	12.601500000000	0.000379778655	-0.000161865812	0.000142942315	-0.000021442009	0.007175634442	300.000000000000	0.002219131799	0.007175365181	-0.000005386071	0.000005371403	1317.768668149372	0.000003909537	0.000003020725	-0.000000153077	-0.000000293548	0.000000051284	-0.000000015442	0.000000097243	-0.000000227277
213940496.000000000000	95.450004000000	12.650000000000	0.000385874530	-0.000161312446	0.000143015955	-0.000021261572	0.007108589727	300.000000000000	0.002220203980	0.007096932532	-0.000004899921	0.000006365357	1322.276021719339	0.000003655361	0.000003220347	-0.000000039988	-0.000000283033	0.000000144857	-0.000000534302	-0.000000147101	0.000000386580
213940853.000000000000	95.450004000000	12.701000000000	0.000409726393	-0.000170091642	0.000142671469	-0.000020885649	0.007031127492	300.000000000000	0.002217606747	0.007001496329	-0.000005301554	0.000004911795	1327.013812538580	0.000003432967	0.000002936509	-0.000000050770	-0.000000025391	-0.000000068910	-0.000000512630	0.000000117593	-0.000000097319
213941155.000000000000	95.450004000000	12.750300000000	0.000425862480	-0.000179123404	0.000142478836	-0.000021886738	0.006959047829	300.000000000000	0.002216743584	0.006946912807	-0.000005604699	0.000003184425	1331.591825067278	0.000003558449	0.000003006461	-0.000000000844	-0.000000033224	0.000000102684	-0.000000505012	0.000000061838	-0.000000152761
213941556.000000000000	95.450004000000	12.800500000000	0.000431503641	-0.000179587235	0.000142478515	-0.000021092950	0.006911691698	300.000000000000	0.002218117678	0.006897576629	-0.000006708317	0.000002286863	1336.251541219997	0.000003862311	0.000002904859	0.000000124924	-0.000000014444	-0.000000114628	-0.000000696465	-0.000000141552	-0.000000145854
213941917.000000000000	95.450004000000	12.850700000000	0.000441638681	-0.000181054161	0.000142661962	-0.000021223150	0.006884084107	300.000000000000	0.002217943497	0.006869148784	-0.000007061055	0.000002645189	1340.909369868990	0.000003760693	0.000003022721	-0.000000287131	-0.000000034864	-0.000000275402	-0.000000441485	0.000000403469	-0.000000090018
213942240.000000000000	95.450004000000	12.900700000000	0.000462361170	-0.000192633555	0.000142757442	-0.000022286398	0.006838682078	300.000000000000	0.002218508618	0.006832800700	-0.000008416129	0.000002379762	1345.546765252368	0.000003490449	0.000002902883	-0.000000482019	-0.000000061838	-0.000000468281	-0.000000104638	0.000000069327	-0.000000024133
213942559.000000000000	95.450004000000	12.950700000000	0.000497193886	-0.000203006380	0.000143007375	-0.000022242338	0.006760039177	300.000000000000	0.002217730610	0.006748771469	-0.000008529983	0.000002220506	1350.182288262169	0.000004116555	0.000003418338	-0.000000163133	0.000000260264	-0.000000204411	-0.000000569406	-0.000000196869	0.000000151609
213943055.000000000000	95.450004000000	13.000200000000	0.000568159283	-0.000238983238	0.000142843971	-0.000021939970	0.006698949811	300.000000000000	0.002217784799	0.006674494226	-0.000006548362	0.000003195601	1354.769611721635	0.000003583986	0.000003423367	-0.000000017414	0.000000060630	-0.000000152917	-0.000000310518	0.000000303926	-0.000000354114
213943377.000000000000	95.450004000000	13.050800000000	0.000692657703	-0.000287770751	0.000143235889	-0.000021888093	0.006612673825	300.000000000000	0.002218822144	0.006595588583	-0.000006246613	0.000003607711	1359.456979093640	0.000003680802	0.000003097003	0.000000247799	0.000000031549	-0.000000219202	-0.000000666197	0.000000236026	0.000000176061
213943745.000000000000	95.450004000000	13.100800000000	0.000897296772	-0.000376131864	0.000143164183	-0.000022149388	0.006533372972	300.000000000000	0.002218462170	0.006531634445	-0.000007586321	0.000002779998	1364.086881620011	0.000003573376	0.000003110849	-0.000000131526	0.000000138246	-0.000000367843	-0.000000598058	-0.000000209721	0.000000300127
213944167.000000000000	95.450004000000	13.150500000000	0.001114864710	-0.000465585639	0.000143439579	-0.000022723790	0.006472818869	300.000000000000	0.002216855834	0.006452913829	-0.000006874558	0.000003203284	1368.687149432873	0.000003729689	0.000003087492	-0.000000533753	0.000000053666	-0.000000678450	-0.000000803532	-0.000000018290	0.000000004692
213944461.000000000000	95.450004000000	13.201100000000	0.001286751164	-0.000541856906	0.000143293407	-0.000021829823	0.006419185695	300.000000000000	0.002218868592	0.006389413950	-0.000006430317	0.000002361601	1373.368821701762	0.000003898093	0.000003226650	0.000000064296	-0.000000130794	-0.000000875264	-0.000000903437	-0.000000077307	0.000000066979
213944831.000000000000	95.450004000000	13.250300000000	0.001406374439	-0.000590426750	0.000143959451	-0.000022795085	0.006387721341	300.000000000000	0.002218725376	0.006365877781	-0.000005217735	0.000001181150	1377.919123198026	0.000003877763	0.000003531692	0.000000022625	0.000000039212	-0.000000787483	-0.000001048285	0.000000058145	-0.000000457645
213945177.000000000000	95.450004000000	13.300800000000	0.001309343578	-0.000552924111	0.000143371820	-0.000022849626	0.006336015232	300.000000000000	0.002218760213	0.006337315201	-0.000004729489	-0.000000390457	1382.587771289327	0.000003793842	0.000003228686	0.000000321536	-0.000000212177	-0.000000805669	-0.000000988228	-0.000000287525	0.000000250486
213945559.000000000000	95.450004000000	13.350500000000	0.001107669963	-0.000467184350	0.000143615475	-0.000023102044	0.006357176656	300.000000000000	0.002217738351	0.006332563059	-0.000006363261	0.000002492918	1387.180596281058	0.000003873550	0.000002797472	-0.000000159825	-0.000000084339	-0.000000781200	-0.000000686581	-0.000000251139	-0.000000042756
213945976.000000000000	95.450004000000	13.401000000000	0.000843470699	-0.000352469071	0.000143346429	-0.000023216851	0.006290825689	300.000000000000	0.002218663445	0.006284359721	-0.000005430076	0.000003335997	1391.845455795134	0.000003767595	0.000003239338	-0.000000378174	0.000000133677	-0.000000709668	-0.000000724967	0.000000184124	-0.000000002426
213946325.000000000000	95.450004000000	13.451000000000	0.000604836953	-0.000251338809	0.000143071801	-0.000022673530	0.006244115699	300.000000000000	0.002218791178	0.006232887097	-0.000003923429	0.000002699671	1396.462247548654	0.000003856171	0.000002972618	0.000000221122	-0.000000079582	-0.000000635997	-0.000000308471	-0.000000022267	0.000000071355
213946657.000000000000	95.450004000000	13.499900000000	0.000469969040	-0.000194705709	0.000142903402	-0.000022111033	0.006205678841	300.000000000000	0.002219770462	0.006203701667	-0.000004283153	0.000002118526	1400.975659597587	0.000003817032	0.000003003617	-0.000000306465	-0.000000291600	0.000000149535	-0.000000582927	0.000000005559	-0.000000145813
213946989.000000000000	95.450004000000	13.551200000000	0.000397828517	-0.000165819989	0.000142934263	-0.000021442640	0.006205737441	300.000000000000	0.002221249065	0.006190850640	-0.000005594222	0.000003021676	1405.708664787444	0.000003767712	0.000003336822	-0.000000345743	0.000000231214	-0.000000025025	-0.000000229625	0.000000096482	0.000000024023
213947336.000000000000	95.450004000000	13.600300000000	0.000362589221	-0.000146254632	0.000143101632	-0.000022604142	0.006171583796	300.000000000000	0.002217691903	0.006158371326	-0.000008046627	0.000001739245	1410.236849997309	0.000003714384	0.000003485755	0.000000051937	-0.000000163973	0.000000020813	-0.000000153124	-0.000000128273	0.000000024164
213947660.000000000000	95.450004000000	13.651000000000	0.000352539566	-0.000146875606	0.000143140879	-0.000022211837	0.006163439968	300.000000000000	0.002219499514	0.006155934216	-0.000008256175	0.000003762078	1414.910699424563	0.000003849945	0.000003378383	0.000000068024	-0.000000050019	-0.000000000657	-0.000000320419	-0.000000303269	0.000000049090
213947968.000000000000	95.450004000000	13.700600000000	0.000345123645	-0.000140787411	0.000142975161	-0.000021603073	0.006138619890	300.000000000000	0.002219963997	0.006125681201	-0.000005604699	0.000005619368	1419.481281971919	0.000003905894	0.000003088538	-0.000000006130	-0.000000127732	0.000000241250	-0.000000415521	-0.000000049248	-0.000000208073
213948322.000000000000	95.450004000000	13.750500000000	0.000346120150	-0.000140878830	0.000142949994	-0.000021378287	0.006134153164	300.000000000000	0.002219731756	0.006111401471	-0.000004322967	0.000006223563	1424.077651074414	0.000003567723	0.000002985210	0.000000050312	-0.000000293456	0.000000299764	-0.000000048151	0.000000031408	-0.000000029935
213948694.000000000000	95.450004000000	13.800600000000	0.000366937118	-0.000152132057	0.000143032499	-0.000022390439	0.006103168093	300.000000000000	0.002219166635	0.006083858566	-0.000004866393	0.000006658025	1428.690567667241	0.000003638065	0.000002929211	-0.000000042575	-0.000000175283	-0.000000023681	-0.000000161025	0.000000220081	0.000000237814
213949053.000000000000	95.450004000000	13.850300000000	0.000388906131	-0.000158124026	0.000142684623	-0.000023783337	0.006068057874	300.000000000000	0.002219449195	0.006049406506	-0.000006713904	0.000005264534	1433.264798533650	0.000003593811	0.000003287045	-0.000000216676	0.000000329014	0.000000020038	-0.000000397021	0.000000183346	-0.000000218636
213949365.000000000000	95.450004000000	13.900900000000	0.000443195438	-0.000186686658	0.000142903980	-0.000022325739	0.006022280831	300.000000000000	0.002219832393	0.006026587999	-0.000007072231	0.000005276408	1437.919963517099	0.000003675382	0.000002873038	0.000000250494	0.000000058784	-0.000000093385	-0.000000213679	-0.000000099509	0.000000087819
213949706.000000000000	95.450004000000	13.950800000000	0.000531681514	-0.000219299911	0.000143463253	-0.000021960288	0.005969315586	300.000000000000	0.002219433712	0.005962877523	-0.000007823808	0.000004801434	1442.508852578192	0.000004010025	0.000002936515	0.000000132420	0.000000134862	0.000000328965	-0.000000400558	0.000000015030	-0.000000070519
213950055.000000000000	95.450004000000	14.000500000000	0.000669093124	-0.000278554364	0.000143028299	-0.000021919376	0.005955355356	300.000000000000	0.002217699644	0.005939971256	-0.000006869668	0.000003530877	1447.077497242690	0.000003658739	0.000003115490	0.000000170939	-0.000000146058	-0.000000519652	-0.000000502148	-0.000000092158	0.000000088058
213950390.000000000000	95.450004000000	14.050900000000	0.000899910746	-0.000375609355	0.000142909474	-0.000022172156	0.005944585943	300.000000000000	0.002219456937	0.005927142147	-0.000005128328	0.000002392335	1451.708601543187	0.000003455224	0.000002978626	-0.000000209735	-0.000000439316	-0.000000565204	-0.000000886594	0.000000176938	0.000000129473
213950729.000000000000	95.450004000000	14.100800000000	0.001110149889	-0.000463743279	0.000143301232	-0.000023241046	0.005896684351	300.000000000000	0.002218257023	0.005884342581	-0.000005604001	0.000001884531	1456.291889966082	0.000003628581	0.000002974667	-0.000000164392	0.000000308418	-0.000000952440	-0.000000988628	-0.000000280740	0.000000209053
213951080.000000000000	95.450004000000	14.150300000000	0.001272171361	-0.000535132780	0.000142955518	-0.000022115489	0.005853684102	300.000000000000	0.002218527971	0.005847958309	-0.000007149763	0.000002764631	1460.836597992899	0.000003734187	0.000003518628	-0.000000120370	-0.000000138020	-0.000000840509	-0.000001090273	0.000000025696	-0.000000023182
213951411.000000000000	95.450004000000	14.200600000000	0.001357184000	-0.000572168073	0.000143185571	-0.000022226587	0.005811064996	300.000000000000	0.002217664808	0.005800871102	-0.000008564210	0.000003231922	1465.452878064987	0.000003889779	0.000003233274	-0.000000150342	-0.000000049494	-0.000000943569	-0.000001011982	0.000000015222	-0.000000209879
213951724.000000000000	95.450004000000	14.250700000000	0.001313409653	-0.000551702499	0.000142989273	-0.000021536809	0.005757663212	300.000000000000	0.002218028653	0.005759289162	-0.000007577240	0.000000657281	1470.048921690670	0.000003867894	0.000003203210	0.000000172581	-0.000000030341	-0.000000984049	-0.000000829532	-0.000000065514	-0.000000008677
213952168.000000000000	95.450004000000	14.300300000000	0.001142410909	-0.000475494579	0.000142997795	-0.000022332829	0.005686680084	300.000000000000	0.002217432567	0.005692937177	-0.000007036608	0.000000381377	1474.597247028540	0.000003578325	0.000003629651	-0.000000058161	-0.000000133113	-0.000000733005	-0.000000794923	0.000000076999	0.000000044371
213952564.000000000000	95.450004000000	14.351000000000	0.000975188307	-0.000408372088	0.000143520375	-0.000022622992	0.005662198653	300.000000000000	0.002218404109	0.005653022396	-0.000006525312	0.000002458692	1479.244540607051	0.000003752770	0.000003574165	-0.000000140158	-0.000000222900	-0.000000175998	-0.000000498913	-0.000000392348	-0.000000091228
213952970.000000000000	95.450004000000	14.400100000000	0.000819197026	-0.000339359162	0.000143335847	-0.000023320290	0.005637333128	300.000000000000	0.002216066213	0.005626765354	-0.000006495975	0.000001633773	1483.743341462003	0.000003772609	0.000003075046	-0.000000058127	-0.000000351161	-0.000000417786	-0.000000170561	0.000000104881	-0.000000264046
213953287.000000000000	95.450004000000	14.451400000000	0.000689577209	-0.000288702802	0.000142960126	-0.000023433746	0.005609780732	300.000000000000	0.002219379523	0.005596045216	-0.000008668983	0.000000273110	1488.441791835166	0.000003654150	0.000003103304	0.000000005097	-0.000000147375	-0.000000300270	-0.000000616804	-0.000000009204	0.000000108921
213953657.000000000000	95.450004000000	14.500800000000	0.000622639901	-0.000259381586	0.000142718794	-0.000022008937	0.005583157743	300.000000000000	0.002220227204	0.005570696763	-0.000007178402	0.000000836095	1492.964365351898	0.000004127124	0.000002710983	0.000000012961	0.000000018135	-0.000000295771	-0.000000351664	0.000000095212	0.000000052096
213953995.000000000000	95.450004000000	14.550100000000	0.000661468858	-0.000273338198	0.000142730012	-0.000021558421	0.005577011555	300.000000000000	0.002219538221	0.005562713283	-0.000007558381	0.000003015390	1497.475964430463	0.000003612271	0.000003196022	0.000000103796	0.000000013971	-0.000000154717	-0.000000257031	-0.000000052285	-0.000000288736
213954364.000000000000	95.450004000000	14.600800000000	0.000871304151	-0.000367628265	0.000143029596	-0.000021443270	0.005535826003	300.000000000000	0.002215450774	0.005514518854	-0.000008100411	0.000001674984	1502.113786313101	0.000003463578	0.000003042739	-0.000000076096	-0.000000224497	-0.000000457668	-0.000000656624	0.000000041245	-0.000000200976
213954828.000000000000	95.450004000000	14.650300000000	0.001200299488	-0.000504377584	0.000142970240	-0.000020524993	0.005487232144	300.000000000000	0.002216751325	0.005475487333	-0.000006646151	0.000000999542	1506.639982914885	0.000003754028	0.000003409196	-0.000000148314	0.000000002093	-0.000000588983	-0.000000873939	-0.000000012194	0.000000037798
213955186.000000000000	95.450004000000	14.700900000000	0.001585939879	-0.000667653610	0.000143719369	-0.000021930555	0.005471117983	300.000000000000	0.002217924144	0.005457009371	-0.000006176066	0.000001433305	1511.264868117732	0.000003447841	0.000003401497	-0.000000036920	0.000000071385	-0.000001017175	-0.000000927884	0.000000297050	-0.000000193165
213955565.000000000000	95.450004000000	14.750300000000	0.001781295661	-0.000754473349	0.000143498195	-0.000021644691	0.005456645438	300.000000000000	0.002219224695	0.005459425711	-0.000005937181	0.000001297798	1515.778225572567	0.000003676556	0.000003432613	-0.000000342199	-0.000000200499	-0.000001232714	-0.000001070874	-0.000000140694	0.000000119975
213955868.000000000000	95.450004000000	14.801100000000	0.001891005597	-0.000801888804	0.000144010196	-0.000021955709	0.005422580122	300.000000000000	0.002218558937	0.005416323353	-0.000005113659	0.000001675682	1520.417589256951	0.000003536572	0.000003365758	0.000000171889	0.000000004200	-0.000001410420	-0.000001703667	0.000000121375	0.000000096997
213956193.000000000000	95.450004000000	14.850300000000	0.001823425482	-0.000772252373	0.000143763343	-0.000022223284	0.005410199986	300.000000000000	0.002219673695	0.005403011869	-0.000003936701	-0.000000275206	1524.908992288696	0.000003653068	0.000003248700	0.000000107851	0.000000019165	-0.000001493555	-0.000001318732	-0.000000183790	-0.000000302598
213956510.000000000000	95.450004000000	14.901000000000	0.001484082304	-0.000624072671	0.000143727695	-0.000021688406	0.005405504488	300.000000000000	0.002218171868	0.005396474237	-0.000003702706	-0.000000792788	1529.535435332251	0.000003452785	0.000003372882	-0.000000128214	-0.000000138936	-0.000001196754	-0.000000838123	0.000000002581	-0.000000230654
213956809.000000000000	95.450004000000	14.950800000000	0.001018070046	-0.000427171983	0.000143030326	-0.000021087559	0.005396804643	300.000000000000	0.002217254515	0.005378535456	-0.000004814006	0.000001723878	1534.077881721039	0.000003700742	0.000003140784	0.000000127144	-0.000000240168	-0.000000424177	-0.000000958756	0.000000035542	0.000000313566
213957156.000000000000	95.450004000000	15.000700000000	0.000728391518	-0.000302508788	0.000143127460	-0.000021419722	0.005391266618	300.000000000000	0.002219375652	0.005381949295	-0.000006658025	0.000004871981	1538.627590330145	0.000003747648	0.000003220490	-0.000000371175	0.000000023178	-0.000000409920	-0.000000259008	-0.000000088378	0.000000047442
213957484.000000000000	95.450004000000	15.050900000000	0.000560205969	-0.000230902237	0.000142537541	-0.000021173881	0.005362082055	300.000000000000	0.002217448049	0.005359018141	-0.000006328337	0.000005179318	1543.202774185882	0.000003936588	0.000003001055	-0.000000091532	0.000000065193	-0.000000596486	-0.000000345285	0.000000121903	-0.000000219005
213957876.000000000000	95.450004000000	15.100900000000	0.000491207598	-0.000205949339	0.000142704140	-0.000019424396	0.005361498747	300.000000000000	0.002218570549	0.005330957744	-0.000006412156	0.000002999324	1547.757858248609	0.000003780764	0.000003364678	-0.000000349021	-0.000000021060	0.000000216986	-0.000000457818	0.000000153577	-0.000000050581
213958246.000000000000	95.450004000000	15.150600000000	0.000474992872	-0.000198291545	0.000143195023	-0.000019450497	0.005338284989	300.000000000000	0.002217866084	0.005316988951	-0.000006332528	0.000000926200	1552.283760484419	0.000003934513	0.000003559432	-0.000000133039	0.000000011973	-0.000000349431	-0.000000410660	-0.000000226521	0.000000318744
213958591.000000000000	95.450004000000	15.201000000000	0.000485177969	-0.000203100273	0.000143169569	-0.000020590561	0.005346554603	300.000000000000	0.002216050731	0.005330807615	-0.000007186783	0.000002292451	1556.871523025906	0.000003666904	0.000003090478	-0.000000175019	0.000000073753	-0.000000257985	-0.000000389455	0.000000014843	-0.000000274457
213958909.000000000000	95.450004000000	15.249800000000	0.000494096126	-0.000204546579	0.000143053751	-0.000020645345	0.005347801036	300.000000000000	0.002217239032	0.005336342285	-0.000007566065	0.000002945540	1561.311833887408	0.000003755106	0.000003242756	-0.000000194724	0.000000019940	-0.000000003021	-0.000000404974	-0.000000138061	0.000000402895
213959225.000000000000	95.450004000000	15.301000000000	0.000491934657	-0.000201221298	0.000142721037	-0.000020263973	0.005369680688	300.000000000000	0.002217746092	0.005356889176	-0.000008090632	0.000004318776	1565.968608166788	0.000003739831	0.000003070835	-0.000000146447	0.000000021099	0.000000160543	-0.000000450163	0.000000059067	-0.000000303160
213959571.000000000000	95.450004000000	15.350500000000	0.000482027707	-0.000199332118	0.000143250162	-0.000020904233	0.005367091717	300.000000000000	0.002217328058	0.005352807462	-0.000006315066	0.000004973263	1570.468901156035	0.000004017999	0.000003523915	-0.000000227828	-0.000000005367	-0.000000142231	-0.000000112159	-0.000000108316	-0.000000178747
213960055.000000000000	95.450004000000	15.400600000000	0.000460693208	-0.000187649980	0.000142662153	-0.000020455386	0.005362706313	300.000000000000	0.002212849671	0.005349003490	-0.000006772578	0.000003980706	1575.021879474880	0.000003535220	0.000003154345	0.000000109668	-0.000000263735	0.000000007855	-0.000000301415	-0.000000076694	0.000000293800
213960363.000000000000	95.450004000000	15.450800000000	0.000427776911	-0.000178321666	0.000142812520	-0.000021047647	0.005342431416	300.000000000000	0.002216615851	0.005330729792	-0.000007255236	0.000003529480	1579.582065194772	0.000003725849	0.000003474272	-0.000000056194	-0.000000141675	-0.000000075113	-0.000000331356	-0.000000001055	-0.000000044001
213960776.000000000000	95.450004000000	15.500200000000	0.000392265324	-0.000160687330	0.000142950327	-0.000021268225	0.005322093590	300.000000000000	0.002217757704	0.005316114654	-0.000006973743	0.000002678018	1584.067741271279	0.000003617498	0.000003007243	0.000000113934	-0.000000147125	0.000000275616	-0.000000174787	-0.000000237416	-0.000000050387
213961168.000000000000	95.450004000000	15.551500000000	0.000375942558	-0.000155383800	0.000143020598	-0.000021265125	0.005293474135	300.000000000000	0.002218183480	0.005281372481	-0.000008531380	0.000002855435	1588.724014397692	0.000003841093	0.000003382638	0.000000006179	0.000000032578	-0.000000104016	-0.000000344089	0.000000078225	0.000000069223
213961555.000000000000	95.450004000000	15.600100000000	0.000365151445	-0.000149795484	0.000143025354	-0.000022323647	0.005266498484	300.000000000000	0.002216809386	0.005255922544	-0.000007788884	0.000003215857	1593.133407745416	0.000003438087	0.000003617219	-0.000000044833	0.000000123552	0.000000140830	-0.000000488166	0.000000077962	0.000000361415
213961871.000000000000	95.450004000000	15.651100000000	0.000355676327	-0.000147162247	0.000143037331	-0.000022084131	0.005257826373	300.000000000000	0.002217509980	0.005240572374	-0.000006846618	0.000004996313	1597.758652482587	0.000003728767	0.000002868050	-0.000000164059	-0.000000248719	0.000000024560	0.000000053576	-0.000000166528	0.000000082340
213962174.000000000000	95.450004000000	15.700800000000	0.000358599847	-0.000151214569	0.000142431960	-0.000021580016	0.005252098636	300.000000000000	0.002217564170	0.005239209341	-0.000007915311	0.000006799120	1602.264130470645	0.000003765073	0.000003126952	0.000000049682	-0.000000254525	0.000000025310	-0.000000205498	0.000000008616	0.000000008233
213962546.000000000000	95.450004000000	15.750800000000	0.000360387278	-0.000146916502	0.000142418126	-0.000021329113	0.005220677443	300.000000000000	0.002218543454	0.005206750186	-0.000009777490	0.000003737630	1606.794943685773	0.000003831447	0.000003446415	-0.000000051520	-0.000000201188	-0.000000468052	-0.000000382340	0.000000415035	-0.000000085489
213962900.000000000000	95.450004000000	15.799900000000	0.000365278228	-0.000149780693	0.000142618097	-0.000022056427	0.005220740653	300.000000000000	0.002217188713	0.005204683891	-0.000011034077	0.000002472661	1611.242386082433	0.000003692227	0.000003263036	-0.000000122410	-0.000000055490	0.000000112815	0.000000081804	0.000000201512	-0.000000498028
213963217.000000000000	95.450004000000	15.851300000000	0.000372386584	-0.000154379537	0.000143091735	-0.000021841616	0.005198343163	300.000000000000	0.002218330566	0.005190335469	-0.000009715324	0.000003679655	1615.896232852841	0.000003934573	0.000003162591	-0.000000189259	0.000000277211	0.000000216767	-0.000000315239	-0.000000024919	-0.000000293800
213963604.000000000000	95.450004000000	15.900700000000	0.000370515997	-0.000154133714	0.000142683705	-0.000021738657	0.005188343018	300.000000000000	0.002218671187	0.005178796899	-0.000006936723	0.000004417961	1620.367137771824	0.000003907136	0.000003045830	-0.000000124724	-0.000000176448	-0.000000263995	-0.000000012163	-0.000000050445	-0.000000071905
213964030.000000000000	95.450004000000	15.950600000000	0.000365414748	-0.000148976188	0.000142521097	-0.000022369273	0.005165807343	300.000000000000	0.002217095817	0.005148148674	-0.000005559996	0.000003502239	1624.881445723757	0.000003942617	0.000002668114	-0.000000033912	-0.000000124690	0.000000008702	-0.000000432252	0.000000296058	0.000000129966
213964385.000000000000	95.450004000000	16.001000000000	0.000378507774	-0.000158824471	0.000142561231	-0.000021002675	0.005151170893	300.000000000000	0.002217533204	0.005142692075	-0.000005726237	0.000003393274	1629.439101003747	0.000003791268	0.000002807485	-0.000000151665	-0.000000213380	0.000000058689	-0.000000013315	-0.000000237318	0.000000015091
213964707.000000000000	95.450004000000	16.050500000000	0.000406236894	-0.000165706708	0.000142869525	-0.000021668269	0.005139028038	300.000000000000	0.002215535929	0.005130461135	-0.000007251045	0.000002653571	1633.913524589683	0.000003691683	0.000003217906	0.000000198022	-0.000000111434	-0.000000322065	-0.000000338850	-0.000000367813	0.000000171066
213965005.000000000000	95.450004000000	16.101100000000	0.000472948865	-0.000193666082	0.000143018865	-0.000021750668	0.005118321631	300.000000000000	0.002215237886	0.005105964148	-0.000008785632	0.000003911555	1638.485490204122	0.000003850187	0.000003180865	0.000000053864	-0.000000055836	-0.000000137216	-0.000000121396	0.000000170158	-0.000000038643
213965342.000000000000	95.450004000000	16.150300000000	0.000622333541	-0.000256883136	0.000142535168	-0.000022353120	0.005114223645	300.000000000000	0.002215288205	0.005110460187	-0.000009743264	0.000002726912	1642.929127084280	0.000003658589	0.000003104212	0.000000008672	-0.000000132979	-0.000000232934	-0.000000624122	-0.000000148703	-0.000000016546
213965716.000000000000	95.450004000000	16.200800000000	0.000914564385	-0.000381444441	0.000142270208	-0.000022096578	0.005117897926	300.000000000000	0.002213438016	0.005108063156	-0.000008646632	0.000001961365	1647.488299121573	0.000003845106	0.000003024692	0.000000091249	-0.000000180030	-0.000000509075	-0.000000509505	0.000000162034	0.000000107073
213966063.000000000000	95.450004000000	16.250100000000	0.001347773927	-0.000571151718	0.000143165819	-0.000023411058	0.005136826251	300.000000000000	0.002216178463	0.005120272124	-0.000006422633	0.000000576256	1651.937299331803	0.000003842094	0.000003821597	-0.000000077240	0.000000107582	-0.000000911314	-0.000001190544	-0.000000076463	0.000000295315
213966383.000000000000	95.450004000000	16.300400000000	0.001874738995	-0.000793296518	0.000143495770	-0.000024211293	0.005136059770	300.000000000000	0.002217730610	0.005117591003	-0.000005151378	-0.000001038658	1656.474674582969	0.000003618722	0.000003853624	0.000000078202	-0.000000173967	-0.000001157927	-0.000001498495	-0.000000401081	-0.000000195455
213966722.000000000000	95.450004000000	16.351100000000	0.002268583943	-0.000962273389	0.000143849782	-0.000022879744	0.005108710240	300.000000000000	0.002216089438	0.005100129177	-0.000005047303	-0.000001687557	1661.046222811612	0.000003433908	0.000003488020	-0.000000352464	0.000000257954	-0.000001656675	-0.000001641714	-0.000000085796	-0.000000181301
213967043.000000000000	95.450004000000	16.400500000000	0.002315394133	-0.000985060968	0.000144163849	-0.000024208867	0.005115101685	300.000000000000	0.002216132015	0.005104526857	-0.000004807021	-0.000002568355	1665.498708033158	0.000003542809	0.000003518478	-0.000000070160	-0.000000190912	-0.000002072372	-0.000001741155	0.000000141452	0.000000025790
213967461.000000000000	95.450004000000	16.451000000000	0.002119202376	-0.000899673407	0.000144140816	-0.000023819895	0.005114352608	300.000000000000	0.002216484248	0.005095962458	-0.000005140202	-0.000001995591	1670.048456721139	0.000003263893	0.000003693256	0.000000108682	-0.000000011631	-0.000001551684	-0.000001422740	0.000000094319	-0.000000101721
213967811.000000000000	95.450004000000	16.500600000000	0.001771394823	-0.000751876943	0.000143520467	-0.000024560386	0.005114366479	300.000000000000	0.002217293222	0.005111759686	-0.000005889684	-0.000002209330	1674.515269829555	0.000003878338	0.000003581022	-0.000000004869	0.000000070874	-0.000001548720	-0.000000945481	0.000000291313	0.000000051299
213968201.000000000000	95.450004000000	16.550800000000	0.001300022859	-0.000554048466	0.000142500301	-0.000023911419	0.005103189271	300.000000000000	0.002214808240	0.005102277545	-0.000004739966	0.000000928296	1679.034249414435	0.000004028756	0.000003493171	-0.000000067116	-0.000000145209	-0.000000919303	-0.000000713383	-0.000000282773	0.000000129027
213968522.000000000000	95.450004000000	16.600200000000	0.000925547715	-0.000388376904	0.000143131313	-0.000022369164	0.005131336822	300.000000000000	0.002212013602	0.005111316252	-0.000006263377	0.000001757406	1683.479379449671	0.000003955881	0.000003322528	-0.000000039781	-0.000000056558	-0.000000528272	-0.000000335882	0.000000609544	-0.000000118155
213968854.000000000000	95.450004000000	16.651000000000	0.000676332643	-0.000284370222	0.000142681020	-0.000022133845	0.005131386880	300.000000000000	0.002215454645	0.005128622382	-0.000008034753	0.000000414206	1688.048587734716	0.000004041638	0.000003127573	-0.000000039581	0.000000039155	-0.000000611594	-0.000000362199	-0.000000370742	-0.000000272784
213969268.000000000000	95.450004000000	16.700300000000	0.000549960552	-0.000233668853	0.000142847306	-0.000020792351	0.005144141262	300.000000000000	0.002215965576	0.005122010370	-0.000008980511	0.000000791391	1692.481039384209	0.000003746754	0.000003028899	-0.000000168931	-0.000000047870	-0.000000334626	-0.000000252645	0.000000032522	0.000000292673
213969604.000000000000	95.450004000000	16.750800000000	0.000442597687	-0.000186738653	0.000143274011	-0.000020751691	0.005149984370	300.000000000000	0.002217529334	0.005142444922	-0.000008682255	0.000001779757	1697.019502316425	0.000003668641	0.000003046685	-0.000000239957	-0.000000032409	-0.000000049048	-0.000000078548	0.000000037648	0.000000222279
213969943.000000000000	95.450004000000	16.800600000000	0.000374071520	-0.000156660650	0.000142540631	-0.000021643300	0.005129261434	300.000000000000	0.002214150223	0.005116974843	-0.000006593065	0.000003637746	1701.493194786162	0.000003733532	0.000002865781	0.000000149393	0.000000030252	-0.000000105642	-0.000000174359	-0.000000036721	0.000000395817
213970251.000000000000	95.450004000000	16.850400000000	0.000328394420	-0.000132591878	0.000142594102	-0.000021851361	0.005116723962	300.000000000000	0.002218427333	0.005105508784	-0.000006624497	0.000004612841	1705.965039348184	0.000003768617	0.000002915316	0.000000233033	-0.000000135990	0.000000089530	-0.000000261186	-0.000000007819	0.000000140415
213970684.000000000000	95.450004000000	16.900500000000	0.000306010301	-0.000123778058	0.000142544163	-0.000021335795	0.005141622089	300.000000000000	0.002218930523	0.005128356798	-0.000007920898	0.000005872920	1710.461958275220	0.000003755318	0.000002755081	-0.000000010075	-0.000000132049	0.000000184327	-0.000000104730	0.000000097829	0.000000170839
213971021.000000000000	95.450004000000	16.951500000000	0.000290392876	-0.000118743027	0.000142932575	-0.000021471705	0.005149097815	300.000000000000	0.002219305980	0.005129002588	-0.000006385613	0.000006228453	1715.037739617894	0.000003641461	0.000003086540	-0.000000094720	-0.000000093112	0.000000100716	-0.000000470637	-0.000000197743	-0.000000463189
213971383.000000000000	95.450004000000	17.000200000000	0.000275110848	-0.000113015233	0.000143022194	-0.000021798649	0.005141815425	300.000000000000	0.002219120187	0.005142930211	-0.000004690373	0.000005160458	1719.405353823342	0.000003968445	0.000002881462	0.000000083515	-0.000000272151	-0.000000156548	-0.000000151372	-0.000000041379	-0.000000138320
