214032487.000000000000	93.998487000000	16.389800000000	-0.000007888623	0.000012110516	0.000142415739	-0.000022340277	0.005138101376	300.000000000000	0.002220838772	-0.000009516254	0.000006668502	0.000003818875	0.000003409274	-0.000000130132	-0.000000085539	0.000000177878	-0.000000154864	-0.000000354077	0.000000156697
214032770.000000000000	94.050375000000	16.389800000000	-0.000001812588	0.000005682563	0.000142080699	-0.000021656245	0.005137920867	300.000000000000	0.002224937832	-0.000008106697	0.000007541617	0.000004117592	0.000003084461	0.000000005012	0.000000123900	0.000000813206	0.000000312860	-0.000000202004	-0.000000107780
214033006.000000000000	94.100518000000	16.389800000000	0.000000926798	0.000003129239	0.000141803877	-0.000021640511	0.005133151929	300.000000000000	0.002225115883	-0.000008516014	0.000007116236	0.000003609487	0.000003497109	0.000000018579	0.000000172712	0.000000373148	0.000000072335	-0.000000032292	0.000000125462
214033229.000000000000	94.150512000000	16.389800000000	-0.000001830957	0.000006735061	0.000142039226	-0.000021289150	0.005134700815	300.000000000000	0.002225959693	-0.000009167707	0.000007503899	0.000003791978	0.000003426575	-0.000000181677	0.000000132584	0.000000287741	0.000000301054	0.000000131137	0.000000247482
214033458.000000000000	94.200556000000	16.389800000000	0.000000420959	0.000003803261	0.000142444477	-0.000021676584	0.005130304541	300.000000000000	0.002224550763	-0.000009830575	0.000007182593	0.000003734891	0.000003606429	0.000000180372	-0.000000006563	0.000000222144	0.000000362811	0.000000265147	0.000000225935
214033691.000000000000	94.250550000000	16.389800000000	-0.000001772646	0.000008376456	0.000142542491	-0.000021619275	0.005132290143	300.000000000000	0.002224593340	-0.000010558404	0.000006791437	0.000004201186	0.000003785105	-0.000000076641	-0.000000045960	0.000000314662	-0.000000032910	0.000000141496	0.000000036093
214033950.000000000000	94.300512000000	16.389800000000	-0.000005057267	0.000008585650	0.000142003586	-0.000021846759	0.005139009745	300.000000000000	0.002224295297	-0.000009882962	0.000007478753	0.000003914428	0.000003089942	-0.000000080447	-0.000000062287	0.000000174363	-0.000000225000	0.000000052556	-0.000000190863
214034176.000000000000	94.350490000000	16.389800000000	-0.000000712432	0.000006379802	0.000142354701	-0.000021693174	0.005137443391	300.000000000000	0.002225042340	-0.000009525334	0.000007347437	0.000003815944	0.000003164334	0.000000247581	0.000000103892	0.000000541153	-0.000000089205	0.000000112964	-0.000000230904
214034413.000000000000	94.400600000000	16.389800000000	-0.000000894306	0.000006635075	0.000142834697	-0.000021823673	0.005142899428	300.000000000000	0.002224961056	-0.000008608215	0.000007349532	0.000003926687	0.000003150677	0.000000176031	-0.000000038182	0.000000352397	-0.000000030327	-0.000000020618	-0.000000094329
214034655.000000000000	94.450528000000	16.389800000000	0.000001637588	0.000003297726	0.000142598707	-0.000021586942	0.005133344084	300.000000000000	0.002225413926	-0.000008680858	0.000007334864	0.000003650282	0.000003174323	-0.000000373288	0.000000351021	0.000000228403	0.000000141966	-0.000000269981	0.000000115838
214034898.000000000000	94.500522000000	16.389800000000	-0.000002611423	0.000008499494	0.000142335140	-0.000021614470	0.005153712514	300.000000000000	0.002225301676	-0.000009386335	0.000007790979	0.000003795992	0.000003203552	-0.000000157900	0.000000382699	0.000000304840	0.000000287373	0.000000115215	0.000000464757
214035200.000000000000	94.550517000000	16.389800000000	-0.000002082379	0.000006493225	0.000142762702	-0.000019475269	0.005143935901	300.000000000000	0.002225688745	-0.000009212410	0.000006903545	0.000003959580	0.000003243086	0.000000108969	-0.000000111875	0.000000119818	-0.000000234431	0.000000200290	0.000000260749
214035454.000000000000	94.600577000000	16.389800000000	-0.000000775932	0.000004640081	0.000142558996	-0.000021026443	0.005134520306	300.000000000000	0.002224318521	-0.000009668525	0.000007357216	0.000003797628	0.000003285154	0.000000098453	0.000000134206	0.000000385006	0.000000327582	0.000000097573	0.000000107777
214035674.000000000000	94.650588000000	16.389800000000	-0.000003723259	0.000005753087	0.000142504853	-0.000020846264	0.005129541744	300.000000000000	0.002223439875	-0.000009522540	0.000006471528	0.000004000306	0.000003236494	0.000000095602	0.000000239411	0.000000215306	0.000000109382	0.000000308645	0.000000072958
214035900.000000000000	94.700599000000	16.389800000000	-0.000000137336	0.000005786443	0.000142887804	-0.000021073513	0.005135451966	300.000000000000	0.002224581728	-0.000008786330	0.000005462905	0.000004002835	0.000003005711	0.000000218438	-0.000000091460	0.000000394318	0.000000008229	0.000000382008	-0.000000016968
214036162.000000000000	94.750495000000	16.389800000000	-0.000002343976	0.000005940221	0.000142791226	-0.000020941978	0.005134607649	300.000000000000	0.002223455358	-0.000007911120	0.000004666625	0.000003669810	0.000003148594	0.000000113909	-0.000000166644	0.000000485761	-0.000000112888	-0.000000012822	0.000000291570
214036394.000000000000	94.800555000000	16.389800000000	-0.000001024607	0.000009232507	0.000143155899	-0.000020404749	0.005137402631	300.000000000000	0.002223850168	-0.000008661300	0.000004033791	0.000003919544	0.000003096741	0.000000142301	0.000000333200	0.000000342935	0.000000097043	-0.000000267999	0.000000040506
214036640.000000000000	94.850549000000	16.389800000000	0.000008783896	-0.000001757748	0.000142389489	-0.000020649011	0.005142427775	300.000000000000	0.002223877263	-0.000007513678	0.000003729248	0.000003705307	0.000002747426	-0.000000053211	0.000000211182	0.000000720637	0.000000127613	0.000000089149	-0.000000177347
214036881.000000000000	94.900494000000	16.389800000000	0.000023598467	-0.000002386963	0.000142449253	-0.000021729362	0.005142247266	300.000000000000	0.002222472203	-0.000008131843	0.000004656147	0.000003661447	0.000003155837	0.000000007731	-0.000000305035	0.000000222719	0.000000548365	0.000000150467	-0.000000200681
214037100.000000000000	94.950522000000	16.389800000000	0.000072942437	-0.000026500658	0.000142913383	-0.000020477465	0.005124959138	300.000000000000	0.002223540513	-0.000008225441	0.000002776505	0.000004112761	0.000003156142	0.000000074772	0.000000158292	0.000000382496	0.000000371911	0.000000166592	0.000000044159
214037384.000000000000	95.000483000000	16.389800000000	0.000096279613	-0.000034091935	0.000142856071	-0.000020297779	0.005140651797	300.000000000000	0.002225181685	-0.000007216469	0.000001851702	0.000003746335	0.000002888591	-0.000000054219	-0.000000184942	0.000000283957	-0.000000184385	-0.000000304002	-0.000000253122
214037643.000000000000	95.050494000000	16.389800000000	0.000268213767	-0.000113215359	0.000142322548	-0.000021478856	0.005124860149	300.000000000000	0.002221694195	-0.000008272938	0.000003047520	0.000003802337	0.000002807667	0.000000244181	0.000000099373	0.000000078581	-0.000000083418	-0.000000335183	0.000000264464
214037885.000000000000	95.100455000000	16.389800000000	0.000645531074	-0.000273272981	0.000143067208	-0.000021737041	0.005129180726	300.000000000000	0.002225286194	-0.000008007511	0.000002815621	0.000003888337	0.000003365308	-0.000000373456	0.000000071963	-0.000000530672	-0.000000498862	0.000000299171	-0.000000095664
214038126.000000000000	95.150548000000	16.389800000000	0.001256806742	-0.000538021292	0.000143090598	-0.000020044088	0.005127247530	300.000000000000	0.002221578074	-0.000006490387	0.000002131797	0.000003675669	0.000003697511	-0.000000074735	0.000000138900	-0.000000865756	-0.000000849354	-0.000000148760	-0.000000168587
214038389.000000000000	95.200493000000	16.389800000000	0.001744678811	-0.000750070852	0.000143439232	-0.000021869403	0.005127212593	300.000000000000	0.002226594486	-0.000004151138	0.000001405366	0.000003564025	0.000003172386	-0.000000078156	-0.000000087366	-0.000001439124	-0.000001529103	-0.000000003275	-0.000000184396
214038653.000000000000	95.250471000000	16.389800000000	0.001978034900	-0.000850174836	0.000143550784	-0.000021968930	0.005131055693	300.000000000000	0.002227024133	-0.000002016546	0.000000597909	0.000003606185	0.000003475279	0.000000279075	-0.000000011116	-0.000001334386	-0.000001565052	0.000000167890	-0.000000257146
214038915.000000000000	95.300532000000	16.389800000000	0.002190414927	-0.000941757467	0.000143853192	-0.000022595048	0.005121506171	300.000000000000	0.002225630685	-0.000001095934	0.000001687557	0.000003643604	0.000003555268	-0.000000029447	-0.000000179046	-0.000001810800	-0.000001568046	0.000000312878	0.000000244250
214039181.000000000000	95.350526000000	16.389800000000	0.002217412229	-0.000954615067	0.000144268931	-0.000023177868	0.005130799486	300.000000000000	0.002224318521	-0.000001305481	0.000001203502	0.000003515029	0.000003674432	-0.000000213193	-0.000000265377	-0.000001808998	-0.000001398480	-0.000000106995	0.000000071274
214039413.000000000000	95.400603000000	16.389800000000	0.002278844144	-0.000976895138	0.000144006664	-0.000023065966	0.005141030284	300.000000000000	0.002225681004	-0.000000864733	0.000002062647	0.000003440903	0.000003558773	0.000000013923	0.000000088262	-0.000002069219	-0.000001781266	0.000000125720	0.000000015727
214039631.000000000000	95.450597000000	16.389800000000	0.002285832585	-0.000979952772	0.000143974633	-0.000022773501	0.005134147641	300.000000000000	0.002225293935	-0.000001111999	0.000001661712	0.000003408261	0.000003290066	0.000000258978	0.000000357436	-0.000001778230	-0.000001669668	0.000000357505	-0.000000025438
214039862.000000000000	95.500542000000	16.389800000000	0.002029629741	-0.000867001422	0.000143780781	-0.000021874561	0.005136174003	300.000000000000	0.002225549400	-0.000001172768	0.000001869863	0.000003673159	0.000003187119	0.000000215364	-0.000000101108	-0.000001555823	-0.000001615464	-0.000000238067	0.000000035106
214040099.000000000000	95.550668000000	16.389800000000	0.001511889564	-0.000640450455	0.000142713147	-0.000021695508	0.005140500402	300.000000000000	0.002224512056	-0.000001017703	0.000002073124	0.000003484064	0.000003529736	-0.000000113405	-0.000000007099	-0.000001230378	-0.000001020345	0.000000018067	-0.000000026802
214040353.000000000000	95.600548000000	16.389800000000	0.000946181129	-0.000393925614	0.000143000837	-0.000021807119	0.005149584093	300.000000000000	0.002224597211	-0.000002339948	0.000002336456	0.000003876972	0.000003306404	0.000000041640	-0.000000201746	-0.000000865238	-0.000000480768	-0.000000085828	0.000000002602
214040593.000000000000	95.650526000000	16.389800000000	0.000502797135	-0.000210914203	0.000142647092	-0.000021273695	0.005138916579	300.000000000000	0.002226025495	-0.000002995133	0.000002790475	0.000003682590	0.000003245045	-0.000000148711	-0.000000184551	0.000000238146	-0.000000195217	0.000000137762	-0.000000077425
214040816.000000000000	95.700569000000	16.389800000000	0.000261934831	-0.000108974040	0.000142737512	-0.000022199621	0.005144599709	300.000000000000	0.002225928728	-0.000004499685	0.000004232861	0.000003628326	0.000002954915	0.000000056821	0.000000048992	-0.000000025056	-0.000000115663	-0.000000116833	-0.000000210807
214041047.000000000000	95.750564000000	16.389800000000	0.000154282455	-0.000061528364	0.000142503924	-0.000021088465	0.005138543915	300.000000000000	0.002223881134	-0.000005162554	0.000005518785	0.000003470815	0.000003196750	0.000000070471	-0.000000027376	0.000000342553	-0.000000169982	0.000000236111	-0.000000087440
214041271.000000000000	95.800575000000	16.389800000000	0.000138392163	-0.000054713853	0.000142771138	-0.000021323492	0.005137536557	300.000000000000	0.002224299168	-0.000005321810	0.000005715061	0.000003713085	0.000003319303	0.000000283855	0.000000070609	0.000000174224	-0.000000147337	0.000000174623	0.000000163786
214041507.000000000000	95.850586000000	16.389800000000	0.000097692507	-0.000037066416	0.000142485168	-0.000020779525	0.005140995347	300.000000000000	0.002223265694	-0.000007044990	0.000006331829	0.000003449357	0.000003024944	-0.000000066314	-0.000000147150	0.000000354278	-0.000000212602	0.000000302278	-0.000000249143
214041794.000000000000	95.900465000000	16.389800000000	0.000050063495	-0.000018035637	0.000142830340	-0.000021835398	0.005131276962	300.000000000000	0.002224353358	-0.000006951392	0.000007272698	0.000003628446	0.000003555445	-0.000000030409	0.000000254535	0.000000372208	-0.000000047715	0.000000247507	0.000000061447
214042016.000000000000	95.950574000000	16.389800000000	0.000010088652	-0.000003095303	0.000142597390	-0.000020924603	0.005141746498	300.000000000000	0.002225595849	-0.000008055707	0.000005298760	0.000003438504	0.000003596297	0.000000206296	-0.000000076193	0.000000589389	0.000000232664	-0.000000009715	-0.000000195691
214042390.000000000000	96.000389000000	16.389800000000	0.000009852985	-0.000004332314	0.000142751935	-0.000021860479	0.005137949981	300.000000000000	0.002224070797	-0.000007230090	0.000004511559	0.000003665400	0.000003369882	-0.000000078215	0.000000129996	0.000000426474	0.000000099409	0.000000109820	0.000000047259
214042625.000000000000	96.050531000000	16.389800000000	0.000003970318	0.000003945336	0.000142704292	-0.000021350809	0.005138893288	300.000000000000	0.002224573987	-0.000005903654	0.000003321329	0.000004007918	0.000003303706	0.000000107377	0.000000067271	0.000000598730	-0.000000083054	-0.000000458353	0.000000044073
214042873.000000000000	96.100493000000	16.389800000000	0.000012173062	-0.000005441163	0.000142955561	-0.000021304257	0.005149927643	300.000000000000	0.002224744297	-0.000005119946	0.000004675006	0.000003978536	0.000003122307	-0.000000222410	-0.000000041784	0.000000167630	-0.000000097897	-0.000000238686	0.000000032253
214043140.000000000000	96.150471000000	16.389800000000	0.000009171782	-0.000002981973	0.000142815250	-0.000020676545	0.005149921820	300.000000000000	0.002224844935	-0.000005328795	0.000005560694	0.000003567464	0.000003055942	-0.000000016807	-0.000000120960	0.000000154964	-0.000000134879	-0.000000192205	-0.000000016791
214043416.000000000000	96.200465000000	16.389800000000	0.000004668306	0.000004103048	0.000142298189	-0.000020818869	0.005143883495	300.000000000000	0.002223679858	-0.000005042413	0.000004976755	0.000003186941	0.000003388923	-0.000000183964	-0.000000007875	0.000000311920	-0.000000107487	0.000000069040	0.000000298856
214043636.000000000000	96.250559000000	16.389800000000	0.000004258914	0.000004341908	0.000142276109	-0.000021421493	0.005147412159	300.000000000000	0.002225394573	-0.000005309936	0.000006478513	0.000003402600	0.000003078809	-0.000000001327	-0.000000041473	0.000000379076	0.000000012782	0.000000058663	-0.000000290880
214043876.000000000000	96.300553000000	16.389800000000	0.000007714317	-0.000001761199	0.000142543182	-0.000021035972	0.005139760897	300.000000000000	0.002225154590	-0.000004376052	0.000006227754	0.000003781794	0.000003408708	-0.000000039301	0.000000076783	0.000000465753	-0.000000005694	-0.000000270089	0.000000138854
214044163.000000000000	96.350514000000	16.389800000000	0.000004924566	0.000002841575	0.000142270658	-0.000021372804	0.005139155317	300.000000000000	0.002225371349	-0.000005800975	0.000005327398	0.000003633855	0.000003092151	0.000000119844	-0.000000301129	0.000000437926	0.000000008463	0.000000012555	-0.000000173563
214044400.000000000000	96.400542000000	16.389800000000	0.000009710455	0.000000033055	0.000142275995	-0.000021551491	0.005151895776	300.000000000000	0.002226141616	-0.000007612165	0.000004328554	0.000003675890	0.000003360190	0.000000354234	0.000000062859	0.000000514147	0.000000150936	0.000000140393	0.000000058671
214044625.000000000000	96.450586000000	16.389800000000	0.000008685363	-0.000001138276	0.000141783230	-0.000021174604	0.005136750468	300.000000000000	0.002225034599	-0.000006169081	0.000003344379	0.000003624604	0.000003194197	-0.000000283248	0.000000251547	0.000000417412	0.000000217551	-0.000000144267	0.000000191230
214044884.000000000000	96.500597000000	16.389800000000	0.000009816887	-0.000000364471	0.000142182909	-0.000020021187	0.005143004240	300.000000000000	0.002223776625	-0.000005896669	0.000004314585	0.000003716891	0.000003254988	-0.000000038195	-0.000000137172	0.000000294005	0.000000152032	-0.000000071253	-0.000000212511
214045189.000000000000	96.550542000000	16.389800000000	0.000006686177	0.000000171815	0.000142223064	-0.000020064503	0.005151849193	300.000000000000	0.002219890454	-0.000006572809	0.000004117610	0.000003697698	0.000003544686	-0.000000071105	0.000000114479	0.000000426147	0.000000548596	0.000000095118	-0.000000048101
214045412.000000000000	96.600618000000	16.389800000000	0.000002604274	0.000003927856	0.000142016162	-0.000020878538	0.005148279768	300.000000000000	0.002224194659	-0.000007682014	0.000004274771	0.000003749634	0.000003274088	-0.000000018281	0.000000030427	0.000000380032	0.000000070307	0.000000019248	-0.000000225989
214045650.000000000000	96.650629000000	16.389800000000	0.000007593141	0.000000641183	0.000142282906	-0.000020500338	0.005143202218	300.000000000000	0.002223985642	-0.000008994481	0.000004966976	0.000003613154	0.000003316905	-0.000000113831	0.000000150872	0.000000327417	0.000000088484	0.000000223621	-0.000000020533
214045874.000000000000	96.700607000000	16.389800000000	0.000011639116	-0.000003742141	0.000142471863	-0.000020304557	0.005147324816	300.000000000000	0.002222623160	-0.000009850133	0.000005561393	0.000003562133	0.000003054115	-0.000000079957	0.000000194549	0.000000344808	0.000000084581	-0.000000092253	0.000000135643
214046180.000000000000	96.750519000000	16.389800000000	0.000001255760	0.000004387774	0.000142168393	-0.000020782715	0.005145618713	300.000000000000	0.002224364970	-0.000007698080	0.000005671754	0.000003429919	0.000003155417	0.000000032169	0.000000199462	0.000000273543	0.000000137843	-0.000000034007	0.000000066903
214046502.000000000000	96.800497000000	16.389800000000	0.000003829111	0.000004241899	0.000142584592	-0.000021114856	0.005143796152	300.000000000000	0.002223525030	-0.000007460592	0.000006299000	0.000003953824	0.000002975753	-0.000000077462	0.000000117222	0.000000417382	-0.000000032725	0.000000051399	-0.000000138002
214046729.000000000000	96.850558000000	16.389800000000	0.000006505741	0.000002519558	0.000142417867	-0.000021152587	0.005143103229	300.000000000000	0.002224217884	-0.000006098533	0.000006461749	0.000003716753	0.000003278284	-0.000000019975	-0.000000094870	0.000000476460	0.000000015339	-0.000000137561	-0.000000279012
214046947.000000000000	96.900585000000	16.389800000000	0.000009153961	-0.000002658382	0.000142109960	-0.000020024820	0.005139405701	300.000000000000	0.002225088789	-0.000006932532	0.000006410759	0.000003520391	0.000003350069	-0.000000094156	0.000000112546	0.000000390586	-0.000000114114	0.000000044565	-0.000000093014
214047198.000000000000	96.950481000000	16.389800000000	0.000004625832	0.000002127520	0.000142408900	-0.000020028036	0.005130776194	300.000000000000	0.002223912099	-0.000007434748	0.000005450333	0.000003692532	0.000003159446	-0.000000193231	0.000000075426	0.000000520804	-0.000000276845	-0.000000188391	0.000000185312
214047443.000000000000	97.000441000000	16.389800000000	0.000006174634	0.000002534165	0.000142488202	-0.000021091011	0.005138532269	300.000000000000	0.002223292789	-0.000007123221	0.000004223781	0.000003750158	0.000002961364	0.000000454214	0.000000217366	0.000000492151	-0.000000028739	0.000000097635	-0.000000041040
