213479748.000000000000	93.998619000000	16.396600000000	-0.000005492019	0.000009980892	0.000085408795	-0.000054630142	0.005054519748	300.000000000000	0.002192207289	0.000007342547	-0.000005518785	-0.000001224815	-0.000002527829	0.000000019847	-0.000000221287	-0.000000450530	-0.000000229834	-0.000000186919	-0.000000116720
213480036.000000000000	94.050424000000	16.396600000000	0.000000983642	0.000003243795	0.000085058483	-0.000054462649	0.005057379967	300.000000000000	0.002192919496	0.000007832190	-0.000006405171	-0.000001021684	-0.000002321632	0.000000108956	-0.000000467226	-0.000000748873	-0.000000123527	0.000000215817	-0.000000154153
213480273.000000000000	94.100534000000	16.396600000000	0.000001304456	0.000004178707	0.000085050697	-0.000054609394	0.005060391645	300.000000000000	0.002193879427	0.000008673174	-0.000004969770	-0.000001047361	-0.000002443889	0.000000115534	0.000000191853	-0.000000255841	-0.000000031170	0.000000147181	0.000000002511
213480581.000000000000	94.150430000000	16.396600000000	-0.000002158432	0.000005398121	0.000085374371	-0.000054321532	0.005058912020	300.000000000000	0.002193914263	0.000005978392	-0.000003463123	-0.000000910588	-0.000002178625	-0.000000114945	0.000000434959	-0.000000528854	-0.000000098162	-0.000000023438	0.000000210911
213480833.000000000000	94.200490000000	16.396600000000	-0.000002048679	0.000007699270	0.000085252718	-0.000054868040	0.005063391671	300.000000000000	0.002190906738	0.000005723443	-0.000002312707	-0.000001198649	-0.000002494879	-0.000000063166	-0.000000051678	-0.000000636854	0.000000144818	0.000000326181	-0.000000261469
213481059.000000000000	94.250517000000	16.396600000000	-0.000002022223	0.000005525377	0.000085227266	-0.000053956848	0.005065948976	300.000000000000	0.002194866452	0.000004503876	-0.000001688953	-0.000000964821	-0.000002758703	0.000000164935	0.000000169183	-0.000000301643	-0.000000417330	0.000000243706	-0.000000087490
213481297.000000000000	94.300495000000	16.396600000000	-0.000001287359	0.000004278598	0.000084901380	-0.000053557222	0.005071360675	300.000000000000	0.002193496228	0.000003423309	-0.000003545545	-0.000001005386	-0.000002384037	0.000000072675	0.000000075887	-0.000000307157	-0.000000007733	0.000000211713	-0.000000173055
213481580.000000000000	94.350424000000	16.396600000000	-0.000004375191	0.000009045256	0.000085526878	-0.000053971913	0.005067999480	300.000000000000	0.002193732340	0.000003828434	-0.000004780479	-0.000001007774	-0.000002436326	-0.000000030410	-0.000000058875	-0.000000427005	-0.000000165775	0.000000114065	-0.000000161874
213481839.000000000000	94.400567000000	16.396600000000	-0.000003396445	0.000003743365	0.000084857866	-0.000053491775	0.005060706211	300.000000000000	0.002193910392	0.000003801892	-0.000005344860	-0.000001422491	-0.000002295011	-0.000000010575	-0.000000024634	-0.000000226613	-0.000000048076	-0.000000052401	0.000000032776
213482095.000000000000	94.450528000000	16.396600000000	-0.000000529910	0.000001650364	0.000085662222	-0.000053838119	0.005055387717	300.000000000000	0.002193453651	0.000006055925	-0.000005506212	-0.000001169628	-0.000002295355	-0.000000137231	-0.000000117939	-0.000000307719	0.000000049206	0.000000139720	-0.000000080462
213482403.000000000000	94.500457000000	16.396600000000	-0.000002478796	0.000004400834	0.000085843236	-0.000053634494	0.005072158740	300.000000000000	0.002192342763	0.000005515991	-0.000005258946	-0.000001079333	-0.000002083964	-0.000000046073	0.000000317910	-0.000000382273	-0.000000337893	-0.000000219911	0.000000097369
213482643.000000000000	94.550583000000	16.396600000000	0.000000657508	0.000002479244	0.000085567479	-0.000053761515	0.005066851896	300.000000000000	0.002192137617	0.000005932990	-0.000004842645	-0.000001032735	-0.000002423039	0.000000122053	-0.000000079647	-0.000000567520	-0.000000151531	0.000000032457	0.000000109668
213482889.000000000000	94.600594000000	16.396600000000	-0.000001795160	0.000005323655	0.000085332085	-0.000053761990	0.005078485010	300.000000000000	0.002193101418	0.000005050097	-0.000004436122	-0.000001227083	-0.000002750459	0.000000055733	0.000000099807	-0.000000056873	-0.000000192322	-0.000000162133	0.000000067898
213483166.000000000000	94.650555000000	16.396600000000	-0.000002747987	0.000004740055	0.000085014170	-0.000054058112	0.005074826725	300.000000000000	0.002188522394	0.000006281538	-0.000004757429	-0.000001082992	-0.000002792599	0.000000115592	-0.000000418483	-0.000000703992	-0.000000133588	0.000000178263	0.000000179738
213483379.000000000000	94.700583000000	16.396600000000	-0.000000741962	0.000001702709	0.000085344433	-0.000053645461	0.005072350975	300.000000000000	0.002192551780	0.000006020302	-0.000004383735	-0.000001315380	-0.000002534002	0.000000108248	0.000000067661	-0.000000426804	-0.000000074257	-0.000000086214	-0.000000125280
213483613.000000000000	94.750528000000	16.396600000000	0.000001269529	0.000003455430	0.000085350958	-0.000054258149	0.005071413102	300.000000000000	0.002189114609	0.000007418683	-0.000004808418	-0.000000640717	-0.000002506319	-0.000000026314	0.000000243804	-0.000000869701	0.000000261298	-0.000000497872	-0.000000033740
213483873.000000000000	94.800571000000	16.396600000000	0.000001594355	0.000002725056	0.000085275907	-0.000053869908	0.005079772400	300.000000000000	0.002193171091	0.000007979572	-0.000004371163	-0.000001064825	-0.000002617735	-0.000000118323	-0.000000183634	-0.000000295716	-0.000000150603	0.000000050967	-0.000000097450
213484183.000000000000	94.850516000000	16.396600000000	0.000002572527	0.000002029354	0.000085132847	-0.000053870197	0.005099059951	300.000000000000	0.002193813625	0.000007289462	-0.000005116453	-0.000001300091	-0.000002354344	0.000000326285	-0.000000191885	-0.000000437850	-0.000000143028	-0.000000250297	-0.000000090804
213484422.000000000000	94.900511000000	16.396600000000	0.000015840710	-0.000002219490	0.000085367692	-0.000053214173	0.005093432716	300.000000000000	0.002191808608	0.000006095041	-0.000005835202	-0.000001427057	-0.000002726521	0.000000099166	0.000000520534	-0.000000442126	0.000000167607	-0.000000136215	0.000000228855
213484660.000000000000	94.950489000000	16.396600000000	0.000039182533	-0.000010740899	0.000085146664	-0.000053736116	0.005084205449	300.000000000000	0.002191092531	0.000006681075	-0.000005990267	-0.000001151768	-0.000002870630	-0.000000045153	0.000000107535	-0.000000225536	-0.000000145890	-0.000000051926	-0.000000062314
213484883.000000000000	95.000549000000	16.396600000000	0.000062309284	-0.000019151540	0.000085605720	-0.000054061352	0.005084386034	300.000000000000	0.002192098910	0.000006164191	-0.000004494097	-0.000000959296	-0.000002367156	-0.000000065613	0.000000061097	-0.000000252058	0.000000350101	0.000000267635	-0.000000151366
213485143.000000000000	95.050526000000	16.396600000000	0.000205889458	-0.000074007006	0.000085517899	-0.000053653760	0.005092955042	300.000000000000	0.002193113030	0.000007227995	-0.000004402595	-0.000001229290	-0.000002705723	-0.000000149490	0.000000175643	-0.000000048316	0.000000393883	0.000000188710	0.000000054263
213485397.000000000000	95.100472000000	16.396600000000	0.000499772511	-0.000185521966	0.000085528908	-0.000053683161	0.005085918086	300.000000000000	0.002192420177	0.000005849870	-0.000003136229	-0.000001398015	-0.000002703738	0.000000259263	-0.000000162035	0.000000132878	0.000000600047	-0.000000258443	0.000000180585
213485651.000000000000	95.150515000000	16.396600000000	0.000938583927	-0.000351683739	0.000086111634	-0.000054183305	0.005087380235	300.000000000000	0.002191777643	0.000005257549	-0.000002523651	-0.000000925520	-0.000002707241	-0.000000056223	-0.000000088292	0.000000624467	0.000001097745	-0.000000374819	0.000000125710
213485886.000000000000	95.200510000000	16.396600000000	0.001377143223	-0.000513019926	0.000086180808	-0.000053710740	0.005089937539	300.000000000000	0.002191204781	0.000004281057	-0.000002049375	-0.000000855333	-0.000002807802	-0.000000068314	-0.000000294156	0.000001064962	0.000001674088	-0.000000147508	0.000000179890
213486123.000000000000	95.250471000000	16.396600000000	0.001733319334	-0.000651438919	0.000086613405	-0.000054045388	0.005090991918	300.000000000000	0.002190809971	0.000003217952	-0.000002543209	-0.000000658980	-0.000003407064	-0.000000143366	-0.000000225376	0.000001313989	0.000001939941	0.000000182777	-0.000000106241
213486371.000000000000	95.300565000000	16.396600000000	0.001924095364	-0.000727134213	0.000086754470	-0.000054953713	0.005099158981	300.000000000000	0.002190953186	0.000003570691	-0.000000991859	-0.000001085899	-0.000003270482	0.000000000777	-0.000000389125	0.000001682208	0.000002455361	-0.000000113316	0.000000041642
213486643.000000000000	95.350510000000	16.396600000000	0.001958890148	-0.000737522127	0.000086812281	-0.000053907042	0.005103807566	300.000000000000	0.002190357100	0.000002007466	0.000000546221	-0.000001013571	-0.000003282102	0.000000151033	0.000000151831	0.000001747476	0.000002226343	0.000000296825	-0.000000010785
213486914.000000000000	95.400553000000	16.396600000000	0.001997496690	-0.000749955018	0.000086788971	-0.000054036972	0.005106399822	300.000000000000	0.002190244850	0.000003154390	0.000002376968	-0.000001111547	-0.000003335200	0.000000167186	0.000000008622	0.000001530627	0.000002577761	-0.000000267392	0.000000073094
213487203.000000000000	95.450498000000	16.396600000000	0.001985513529	-0.000743731529	0.000087215656	-0.000054416974	0.005107162936	300.000000000000	0.002190202272	0.000002765330	0.000003535068	-0.000000904204	-0.000003534190	-0.000000234459	-0.000000075590	0.000001988563	0.000002318166	0.000000274977	0.000000087354
213487448.000000000000	95.500493000000	16.396600000000	0.001766531809	-0.000662635745	0.000086686847	-0.000054102630	0.005102625031	300.000000000000	0.002190449997	0.000004287343	0.000001830747	-0.000000827827	-0.000003360931	-0.000000218042	0.000000335157	0.000001128646	0.000002205118	-0.000000217657	0.000000003311
213487732.000000000000	95.550635000000	16.396600000000	0.001415216806	-0.000531145505	0.000086467885	-0.000054245068	0.005091411339	300.000000000000	0.002191185427	0.000005580951	0.000002167420	-0.000000878106	-0.000003402708	0.000000063811	0.000000023539	0.000001327879	0.000001439942	0.000000135273	0.000000068647
213487965.000000000000	95.600564000000	16.396600000000	0.000898821408	-0.000335859870	0.000086195955	-0.000053835666	0.005095139528	300.000000000000	0.002192257608	0.000005522277	0.000000006985	-0.000001205872	-0.000002457744	-0.000000262477	-0.000000182869	0.000000711216	0.000001410319	0.000000054252	0.000000234609
213488222.000000000000	95.650493000000	16.396600000000	0.000412676025	-0.000150600051	0.000086117644	-0.000053069008	0.005106743515	300.000000000000	0.002191936341	0.000006435905	-0.000001067994	-0.000000928673	-0.000002716488	0.000000212747	-0.000000282661	0.000000109951	0.000000334327	-0.000000249895	-0.000000159556
213488501.000000000000	95.700503000000	16.396600000000	0.000258958612	-0.000095566143	0.000086001269	-0.000053283398	0.005098448295	300.000000000000	0.002192292444	0.000007386552	-0.000002859626	-0.000001081737	-0.000002432688	0.000000051115	0.000000013565	-0.000000005332	0.000000114940	-0.000000014340	0.000000122767
213488729.000000000000	95.750531000000	16.396600000000	0.000172355106	-0.000062073730	0.000085861218	-0.000053785028	0.005090263756	300.000000000000	0.002192393082	0.000007462688	-0.000002635410	-0.000001054924	-0.000002668869	0.000000095454	0.000000024524	0.000000025100	-0.000000053326	0.000000025315	-0.000000089142
213489002.000000000000	95.800509000000	16.396600000000	0.000157268100	-0.000054887870	0.000085929083	-0.000053912194	0.005107640610	300.000000000000	0.002193457522	0.000006722286	-0.000002356712	-0.000001034486	-0.000002723963	0.000000007784	0.000000110287	-0.000000012959	0.000000205324	0.000000120611	0.000000138118
213489243.000000000000	95.850536000000	16.396600000000	0.000124592991	-0.000045082713	0.000085932097	-0.000053722242	0.005106708563	300.000000000000	0.002189633281	0.000007431256	-0.000002328772	-0.000001285613	-0.000002416790	-0.000000153794	-0.000000128523	-0.000000051883	0.000000341759	-0.000000073214	0.000000123057
213489482.000000000000	95.900514000000	16.396600000000	0.000055443354	-0.000017661243	0.000086049534	-0.000053690019	0.005100487148	300.000000000000	0.002192513074	0.000006068498	-0.000004357193	-0.000001061192	-0.000002318793	0.000000261306	0.000000065909	-0.000000178435	0.000000032200	0.000000006564	-0.000000224695
213489723.000000000000	95.950558000000	16.396600000000	0.000013630628	-0.000002848821	0.000085995309	-0.000053866089	0.005100615305	300.000000000000	0.002191526048	0.000006309478	-0.000004351605	-0.000001120071	-0.000002563022	-0.000000205155	0.000000248466	-0.000000549951	-0.000000278226	0.000000123115	0.000000068922
213489961.000000000000	96.000471000000	16.396600000000	0.000008315781	-0.000000310090	0.000085906075	-0.000053798159	0.005095419142	300.000000000000	0.002191622815	0.000005784910	-0.000007105060	-0.000001037955	-0.000002290584	0.000000023281	-0.000000059197	-0.000000252696	-0.000000360772	-0.000000389753	-0.000000162505
213490184.000000000000	96.050548000000	16.396600000000	0.000009659730	-0.000002625784	0.000085634284	-0.000053877871	0.005107267791	300.000000000000	0.002192520815	0.000005700393	-0.000006605638	-0.000001185460	-0.000002551734	0.000000213462	-0.000000177478	-0.000000139112	-0.000000200867	0.000000115828	-0.000000065949
213490425.000000000000	96.100509000000	16.396600000000	0.000005432295	0.000003996476	0.000085823104	-0.000053638302	0.005106865846	300.000000000000	0.002192462755	0.000005422393	-0.000007035909	-0.000001209376	-0.000002257751	0.000000029783	0.000000391472	0.000000116948	0.000000179809	0.000000057886	0.000000028987
213490728.000000000000	96.150438000000	16.396600000000	0.000000501691	0.000003792242	0.000085721900	-0.000053870954	0.005093042421	300.000000000000	0.002190895126	0.000005783513	-0.000005021458	-0.000001114280	-0.000002129531	-0.000000273964	-0.000000019141	-0.000000212933	-0.000000176562	0.000000030406	-0.000000111482
213490970.000000000000	96.200482000000	16.396600000000	0.000008560553	0.000000696295	0.000086149825	-0.000054091860	0.005095017196	300.000000000000	0.002193159479	0.000006714603	-0.000003870344	-0.000000680582	-0.000002350921	-0.000000363014	-0.000000149847	-0.000000323494	-0.000000082474	0.000000087996	-0.000000013115
213491247.000000000000	96.250460000000	16.396600000000	0.000007284962	-0.000000361117	0.000086321885	-0.000053621725	0.005094591950	300.000000000000	0.002193596866	0.000006770482	-0.000002140878	-0.000000926635	-0.000002610618	0.000000034788	0.000000186935	-0.000000363374	-0.000000153031	-0.000000113170	0.000000144107
213491481.000000000000	96.300537000000	16.396600000000	0.000002931141	0.000003762687	0.000085801207	-0.000053210403	0.005093281259	300.000000000000	0.002192621453	0.000006986316	-0.000002764631	-0.000000918896	-0.000002517544	0.000000053902	0.000000038892	-0.000000263166	0.000000079019	-0.000000224873	-0.000000179728
213491705.000000000000	96.350597000000	16.396600000000	0.000005620363	0.000001082254	0.000085926513	-0.000053157718	0.005095920117	300.000000000000	0.002193024004	0.000005891081	-0.000002477551	-0.000001401106	-0.000002358363	-0.000000137053	0.000000053341	-0.000000251577	0.000000378427	-0.000000051485	0.000000325923
213491944.000000000000	96.400591000000	16.396600000000	0.000006464321	0.000000364303	0.000085949939	-0.000052944509	0.005087054018	300.000000000000	0.002191665393	0.000004281057	-0.000003620982	-0.000001218656	-0.000002381483	-0.000000397222	0.000000209079	-0.000000258338	-0.000000094725	0.000000064672	-0.000000157996
213492212.000000000000	96.450503000000	16.396600000000	0.000007235395	-0.000001032455	0.000086160842	-0.000053160995	0.005102974549	300.000000000000	0.002194773556	0.000005279202	-0.000003690133	-0.000001377988	-0.000002854251	-0.000000092314	-0.000000049240	-0.000000427350	0.000000265018	0.000000188252	0.000000049909
213492504.000000000000	96.500531000000	16.396600000000	0.000005305725	-0.000001454548	0.000085708314	-0.000053573546	0.005100650256	300.000000000000	0.002191940212	0.000005122740	-0.000003945781	-0.000001204570	-0.000002495501	0.000000068864	0.000000579966	-0.000000181037	0.000000028890	0.000000063687	0.000000168261
213492846.000000000000	96.550476000000	16.396600000000	0.000005714819	0.000000639306	0.000085917117	-0.000053074715	0.005104675535	300.000000000000	0.002193712987	0.000006100629	-0.000004369766	-0.000001143100	-0.000002684288	-0.000000043851	-0.000000073414	-0.000000502867	0.000000006062	-0.000000118337	-0.000000136101
213493081.000000000000	96.600553000000	16.396600000000	0.000007336229	0.000001119547	0.000086513003	-0.000053355339	0.005102094929	300.000000000000	0.002190438384	0.000005942769	-0.000004262896	-0.000001011345	-0.000002865072	-0.000000113698	0.000000170459	-0.000000532109	-0.000000056581	-0.000000124834	0.000000061837
213493325.000000000000	96.650613000000	16.396600000000	0.000006769435	0.000000597390	0.000085604366	-0.000054075391	0.005099217234	300.000000000000	0.002193322047	0.000005957438	-0.000003982102	-0.000000967347	-0.000002611287	-0.000000311504	0.000000055777	0.000000092964	-0.000000243505	-0.000000079163	0.000000156259
213493623.000000000000	96.700525000000	16.396600000000	0.000004669878	0.000002716176	0.000084878833	-0.000053955956	0.005106568756	300.000000000000	0.002195284487	0.000006317161	-0.000003442867	-0.000001179092	-0.000002663616	0.000000248784	-0.000000183602	-0.000000520244	-0.000000109344	-0.000000086685	0.000000413138
213493867.000000000000	96.750585000000	16.396600000000	0.000009589354	0.000001219349	0.000086209080	-0.000053323215	0.005102298815	300.000000000000	0.002193600737	0.000004060334	-0.000004986534	-0.000001501441	-0.000002359694	0.000000037727	0.000000039186	-0.000000423862	-0.000000082610	-0.000000105904	0.000000042395
213494106.000000000000	96.800596000000	16.396600000000	0.000006990305	0.000000093236	0.000085818777	-0.000053602618	0.005100143456	300.000000000000	0.002193225280	0.000003665686	-0.000005513895	-0.000001144334	-0.000002289449	-0.000000128477	0.000000025097	-0.000000205619	0.000000009363	0.000000062450	0.000000124581
213494818.000000000000	96.850146000000	16.396600000000	0.000005396746	-0.000001050989	0.000085943183	-0.000053560067	0.005104221162	300.000000000000	0.002193898780	0.000006124377	-0.000002821209	-0.000000951723	-0.000002455705	-0.000000105460	0.000000063706	-0.000000221428	0.000000176827	-0.000000288062	0.000000094147
213495084.000000000000	96.900453000000	16.396600000000	0.000006877328	0.000001057107	0.000085284952	-0.000053543251	0.005104349319	300.000000000000	0.002195872831	0.000005921815	-0.000002437737	-0.000001341417	-0.000002228789	0.000000232681	-0.000000158203	-0.000000070676	-0.000000267606	-0.000000086408	0.000000432691
213495324.000000000000	96.950481000000	16.396600000000	0.000005138235	0.000002230182	0.000085437631	-0.000053675351	0.005103615331	300.000000000000	0.002193968452	0.000004997710	-0.000002944143	-0.000001075313	-0.000002624313	0.000000287779	0.000000227026	-0.000000286459	-0.000000417640	-0.000000152624	0.000000185771
213495596.000000000000	97.000441000000	16.396600000000	0.000003519672	0.000001013655	0.000085664956	-0.000054101930	0.005092617175	300.000000000000	0.002194820004	0.000005440554	-0.000003844500	-0.000000726383	-0.000002544970	0.000000133026	0.000000179728	-0.000000575421	0.000000061872	0.000000279353	-0.000000086696
