214697643.000000000000	93.998586000000	16.392900000000	-0.000004174325	0.000008354568	0.000142462408	-0.000017764953	0.007003655786	300.000000000000	0.002269779759	-0.000006424030	0.000001739943	0.000003477805	0.000003290202	0.000000004660	0.000000135632	0.000000444237	0.000000320125	-0.000000010825	0.000000148676
214697928.000000000000	94.050408000000	16.392900000000	-0.000001504277	0.000005163075	0.000142410471	-0.000018275262	0.006999998325	300.000000000000	0.002266927062	-0.000006818678	0.000003304565	0.000003401676	0.000003374087	-0.000000136403	0.000000190868	0.000000128541	0.000000057627	-0.000000182084	0.000000029968
214698201.000000000000	94.100501000000	16.392900000000	-0.000003900008	0.000007615254	0.000142235685	-0.000017344821	0.006994937284	300.000000000000	0.002272198940	-0.000006749528	0.000003445661	0.000003431746	0.000003085234	0.000000007013	-0.000000160963	0.000000451399	-0.000000104901	0.000000332738	-0.000000286506
214698439.000000000000	94.150479000000	16.392900000000	0.000003028564	0.000001239206	0.000142362552	-0.000017593034	0.007007150176	300.000000000000	0.002271080311	-0.000005819835	0.000004895730	0.000003719527	0.000002954900	0.000000014445	0.000000052595	0.000000347491	-0.000000348447	0.000000220561	-0.000000064401
214698729.000000000000	94.200441000000	16.392900000000	0.000001904085	0.000001926558	0.000142629702	-0.000018403539	0.006999811958	300.000000000000	0.002274080094	-0.000007126015	0.000005251262	0.000002961636	0.000003697787	0.000000252577	0.000000068808	0.000000456400	-0.000000149334	0.000000137718	-0.000000036800
214698965.000000000000	94.250501000000	16.392900000000	0.000000867636	0.000003042544	0.000142398145	-0.000019200728	0.006996876670	300.000000000000	0.002273429819	-0.000006197719	0.000004125992	0.000003424757	0.000003555053	-0.000000044608	0.000000095040	0.000000463282	0.000000246621	0.000000050038	-0.000000354239
214699204.000000000000	94.300512000000	16.392900000000	0.000004151975	0.000000698891	0.000142409037	-0.000019188854	0.007018326398	300.000000000000	0.002274273629	-0.000006157905	0.000003180932	0.000003544050	0.000003216014	-0.000000380675	-0.000000175956	0.000000345708	0.000000355510	-0.000000137933	-0.000000212289
214699455.000000000000	94.350424000000	16.392900000000	0.000004120726	0.000000589068	0.000142162779	-0.000019116226	0.007012549008	300.000000000000	0.002272659551	-0.000007077819	0.000002669636	0.000003431031	0.000003609282	-0.000000133018	0.000000097062	0.000000276759	0.000000095202	-0.000000280773	-0.000000277689
214699753.000000000000	94.400517000000	16.392900000000	0.000003670400	0.000000634687	0.000142649081	-0.000018713309	0.007012700431	300.000000000000	0.002273259508	-0.000007632421	0.000002651126	0.000003717082	0.000003284374	0.000000025318	0.000000181643	0.000000485760	-0.000000158830	-0.000000200193	0.000000006385
214700003.000000000000	94.450528000000	16.392900000000	-0.000001507898	0.000006248099	0.000142380901	-0.000019821663	0.007011122132	300.000000000000	0.002273007913	-0.000008191215	0.000003010500	0.000003380492	0.000003321818	0.000000265531	0.000000109799	0.000000437291	-0.000000204988	0.000000114919	-0.000000045500
214700242.000000000000	94.500522000000	16.392900000000	0.000005606650	-0.000001182952	0.000142579231	-0.000019114007	0.007023812590	300.000000000000	0.002273116293	-0.000009312294	0.000003345078	0.000003379777	0.000003259881	0.000000109975	0.000000292374	0.000000650649	0.000000268429	-0.000000180370	-0.000000051431
214700474.000000000000	94.550599000000	16.392900000000	-0.000000610872	0.000004596674	0.000142483270	-0.000020500491	0.007007056992	300.000000000000	0.002273727862	-0.000008782838	0.000004346017	0.000003120301	0.000003274769	-0.000000394746	0.000000274695	0.000000235609	-0.000000194291	0.000000155335	0.000000056964
214700712.000000000000	94.600627000000	16.392900000000	0.000005572107	-0.000000819970	0.000142312010	-0.000019657153	0.007017109186	300.000000000000	0.002271324164	-0.000007603085	0.000004478730	0.000003700354	0.000003075612	-0.000000552664	0.000000065731	0.000000398397	-0.000000052436	0.000000093232	0.000000012569
214700998.000000000000	94.650555000000	16.392900000000	0.000000812297	0.000003352199	0.000142474191	-0.000019662397	0.007011494867	300.000000000000	0.002269617190	-0.000006533694	0.000004461966	0.000003632181	0.000003333817	0.000000181527	0.000000036228	0.000000214660	0.000000037824	0.000000161179	-0.000000005284
214701248.000000000000	94.700500000000	16.392900000000	-0.000001148714	0.000005665053	0.000142105084	-0.000019208274	0.007002118255	300.000000000000	0.002266307751	-0.000005800975	0.000003417721	0.000003422349	0.000003298650	-0.000000087271	-0.000000083483	0.000000400498	-0.000000002481	-0.000000160368	-0.000000087715
214701479.000000000000	94.750511000000	16.392900000000	-0.000000937524	0.000005102736	0.000142459471	-0.000018812533	0.007012723727	300.000000000000	0.002269446880	-0.000005569076	0.000002268702	0.000003481923	0.000003532649	-0.000000045021	-0.000000334649	0.000000433176	0.000000182723	-0.000000218149	-0.000000178837
214701721.000000000000	94.800555000000	16.392900000000	-0.000007062949	0.000010921134	0.000142059417	-0.000018893605	0.007014284554	300.000000000000	0.002269408173	-0.000005978392	0.000001851702	0.000003344232	0.000003689925	-0.000000042241	0.000000040276	0.000000569596	0.000000231981	-0.000000050370	-0.000000112440
214701960.000000000000	94.850549000000	16.392900000000	0.000000079205	0.000003950612	0.000142194818	-0.000018185571	0.007012974158	300.000000000000	0.002269969423	-0.000006143935	0.000001294306	0.000003255699	0.000003375962	-0.000000283132	-0.000000455647	0.000000414258	-0.000000028973	-0.000000064549	-0.000000066506
214702204.000000000000	94.900511000000	16.392900000000	-0.000002485774	0.000008173087	0.000142232849	-0.000019196303	0.007014564106	300.000000000000	0.002268932078	-0.000006669201	0.000000601402	0.000003471219	0.000003423506	-0.000000237014	-0.000000196417	0.000000223596	0.000000071695	-0.000000059097	-0.000000112830
214702440.000000000000	94.950489000000	16.392900000000	-0.000002396965	0.000008484543	0.000142527488	-0.000019444872	0.007007994653	300.000000000000	0.002271126759	-0.000007086899	0.000000537839	0.000003307736	0.000003452912	0.000000269695	0.000000140007	0.000000265310	0.000000031835	0.000000036835	0.000000144979
214702678.000000000000	95.000532000000	16.392900000000	0.000000015295	0.000004385914	0.000142663844	-0.000019870486	0.007012042321	300.000000000000	0.002270871293	-0.000006391201	0.000001434702	0.000003257011	0.000003427982	-0.000000112200	-0.000000314517	0.000000513583	0.000000201617	0.000000228068	0.000000029033
214702990.000000000000	95.050477000000	16.392900000000	-0.000000328381	0.000003394268	0.000142245519	-0.000019155739	0.006997668732	300.000000000000	0.002271746069	-0.000007165130	0.000003887108	0.000003531554	0.000003714284	0.000000272549	0.000000034881	0.000000460525	0.000000223116	0.000000005173	-0.000000031926
214703230.000000000000	95.100455000000	16.392900000000	-0.000002298387	0.000007851311	0.000142321160	-0.000018607933	0.007002386158	300.000000000000	0.002271486733	-0.000004741363	0.000003667781	0.000003745788	0.000003297468	0.000000166644	-0.000000037827	0.000000542413	-0.000000100587	0.000000009946	-0.000000451133
214703464.000000000000	95.150548000000	16.392900000000	-0.000003235424	0.000010374602	0.000142647504	-0.000018411940	0.006998699577	300.000000000000	0.002271618336	-0.000004856614	0.000003222842	0.000003339227	0.000003483924	0.000000186006	0.000000145731	0.000000271699	0.000000063267	-0.000000271033	-0.000000094227
214703717.000000000000	95.200526000000	16.392900000000	-0.000004963486	0.000007280720	0.000142169679	-0.000017372697	0.006993452169	300.000000000000	0.002272396345	-0.000005321112	0.000002401415	0.000003386352	0.000003847034	-0.000000197150	-0.000000014740	0.000000362506	-0.000000079660	-0.000000173804	-0.000000241394
214703964.000000000000	95.250488000000	16.392900000000	-0.000009605061	0.000010700752	0.000142080698	-0.000018064351	0.007001477617	300.000000000000	0.002270503578	-0.000004916685	0.000001781853	0.000003384376	0.000003425586	0.000000016960	-0.000000047879	0.000000598121	0.000000072449	-0.000000291392	0.000000106343
214704206.000000000000	95.300565000000	16.392900000000	-0.000006287200	0.000009035845	0.000142078307	-0.000017823697	0.006996340864	300.000000000000	0.002272597620	-0.000006204005	0.000001473818	0.000003242379	0.000003373424	-0.000000025837	-0.000000169099	0.000000129637	-0.000000186619	0.000000121019	0.000000187088
214704441.000000000000	95.350559000000	16.392900000000	-0.000004084800	0.000008977397	0.000142916915	-0.000018134645	0.007008804187	300.000000000000	0.002270526802	-0.000007883180	0.000001649139	0.000003604685	0.000003855515	-0.000000133557	0.000000214971	0.000000137144	0.000000099883	-0.000000013189	0.000000081640
214704666.000000000000	95.400619000000	16.392900000000	-0.000003194359	0.000005096877	0.000142636927	-0.000017857420	0.007004779815	300.000000000000	0.002272233776	-0.000008824747	0.000001747627	0.000003330305	0.000003505608	-0.000000090496	0.000000194439	0.000000390237	0.000000275457	0.000000111000	0.000000216766
214704901.000000000000	95.450581000000	16.392900000000	0.000004515963	0.000003827247	0.000142262378	-0.000017874351	0.007003778090	300.000000000000	0.002272725353	-0.000005608192	0.000002094777	0.000003348926	0.000003223101	0.000000070606	0.000000065195	0.000000326470	-0.000000295458	0.000000050212	-0.000000345176
214705195.000000000000	95.500443000000	16.392900000000	0.000018910359	-0.000006079470	0.000142534174	-0.000018107555	0.007006043619	300.000000000000	0.002273143388	-0.000005692011	0.000002517365	0.000003573527	0.000003116068	0.000000207868	-0.000000326385	0.000000660046	-0.000000310440	-0.000000056521	-0.000000256721
214705431.000000000000	95.550701000000	16.392900000000	0.000048319587	-0.000016072105	0.000142618181	-0.000017937722	0.007007388959	300.000000000000	0.002270035225	-0.000004233560	0.000002007466	0.000003431626	0.000003599296	0.000000062461	-0.000000033893	0.000000387371	-0.000000032059	-0.000000002701	0.000000131142
214705726.000000000000	95.600515000000	16.392900000000	0.000236047299	-0.000093403049	0.000142666397	-0.000017342163	0.007011267731	300.000000000000	0.002272287965	-0.000006560935	0.000001700129	0.000003649302	0.000003535431	-0.000000118377	-0.000000101722	0.000000234804	0.000000053307	-0.000000016844	0.000000192670
214705968.000000000000	95.650526000000	16.392900000000	0.000680850907	-0.000283191465	0.000142961100	-0.000017083934	0.006997307645	300.000000000000	0.002273476267	-0.000006018905	0.000001769979	0.000003462388	0.000003442350	-0.000000164116	-0.000000086096	-0.000000269563	-0.000000169069	0.000000091234	-0.000000161188
214706205.000000000000	95.700553000000	16.392900000000	0.001053863525	-0.000439245866	0.000143247040	-0.000018015900	0.007008146077	300.000000000000	0.002273089198	-0.000004800037	0.000002082903	0.000003408733	0.000003436589	-0.000000047115	-0.000000377110	-0.000000725746	-0.000001110099	0.000000027896	0.000000034337
214706439.000000000000	95.750564000000	16.392900000000	0.001134358284	-0.000473963091	0.000142585150	-0.000017454902	0.007003766442	300.000000000000	0.002272349896	-0.000004049856	0.000001123874	0.000003057237	0.000003555190	-0.000000142934	0.000000086924	-0.000000400231	-0.000000686726	0.000000098067	-0.000000232884
214706683.000000000000	95.800542000000	16.392900000000	0.001144234967	-0.000477480250	0.000142849324	-0.000018309643	0.007019764922	300.000000000000	0.002273476267	-0.000004696660	-0.000000191387	0.000003155818	0.000003782541	0.000000045353	0.000000329505	-0.000000999786	-0.000001158334	0.000000276623	0.000000085455
214706929.000000000000	95.850536000000	16.392900000000	0.001287019711	-0.000539531115	0.000143230515	-0.000018812887	0.007021471349	300.000000000000	0.002273007913	-0.000006285729	-0.000000104075	0.000003082850	0.000003661116	-0.000000074607	-0.000000091717	-0.000000810019	-0.000001026732	0.000000165729	-0.000000136704
214707168.000000000000	95.900498000000	16.392900000000	0.001631983590	-0.000680745671	0.000143262608	-0.000018806410	0.007007645214	300.000000000000	0.002274842620	-0.000006453367	-0.000001885928	0.000003220265	0.000003242037	-0.000000494994	-0.000000082597	-0.000001132152	-0.000001377242	0.000000170761	-0.000000034465
214707412.000000000000	95.950542000000	16.392900000000	0.002209288967	-0.000920669058	0.000144253245	-0.000018838594	0.007003032620	300.000000000000	0.002273565293	-0.000005483860	-0.000003381399	0.000002792756	0.000003843996	0.000000271965	-0.000000036065	-0.000001654393	-0.000001441862	0.000000078660	-0.000000162065
214707647.000000000000	96.000471000000	16.392900000000	0.002809807242	-0.001173204799	0.000144854611	-0.000020443063	0.007001401905	300.000000000000	0.002273050491	-0.000004130881	-0.000004580012	0.000003016087	0.000004107193	-0.000000097255	0.000000235005	-0.000002220185	-0.000002144920	-0.000000163958	0.000000126835
214707886.000000000000	96.050531000000	16.392900000000	0.002864286848	-0.001190051283	0.000144538415	-0.000021104598	0.007001943535	300.000000000000	0.002273468525	-0.000004296424	-0.000005632639	0.000003028462	0.000004454397	-0.000000106133	-0.000000047799	-0.000002452623	-0.000002306660	-0.000000318304	0.000000049043
214708127.000000000000	96.100526000000	16.392900000000	0.002473136399	-0.001029652247	0.000144137936	-0.000020508152	0.006993679304	300.000000000000	0.002276356059	-0.000004136469	-0.000004999805	0.000003275528	0.000004236488	-0.000000134009	-0.000000026474	-0.000001978037	-0.000002088021	-0.000000143221	0.000000142505
214708371.000000000000	96.150471000000	16.392900000000	0.002147013202	-0.000892342892	0.000143963038	-0.000019904636	0.006996946558	300.000000000000	0.002275779326	-0.000004724599	-0.000004983041	0.000003088483	0.000003786284	0.000000088818	0.000000042179	-0.000001754062	-0.000001286599	-0.000000220611	0.000000003561
214708606.000000000000	96.200482000000	16.392900000000	0.002004503735	-0.000827273092	0.000143659776	-0.000020034406	0.007004546855	300.000000000000	0.002276812800	-0.000004404690	-0.000004315982	0.000002827955	0.000004030946	-0.000000088706	-0.000000250021	-0.000001430908	-0.000001660429	0.000000152801	-0.000000267919
214708848.000000000000	96.250493000000	16.392900000000	0.001897780321	-0.000781324900	0.000143987756	-0.000018797153	0.007004296424	300.000000000000	0.002276282516	-0.000004505971	-0.000004024012	0.000003064478	0.000003861100	-0.000000279691	0.000000069124	-0.000001666469	-0.000001548032	-0.000000192174	-0.000000178999
214709079.000000000000	96.300553000000	16.392900000000	0.001602823914	-0.000658694122	0.000143676253	-0.000019032784	0.007008163549	300.000000000000	0.002275694171	-0.000004963484	-0.000003389781	0.000003058196	0.000003988418	-0.000000379661	-0.000000286882	-0.000001116094	-0.000001097591	0.000000101066	0.000000081297
214709358.000000000000	96.350531000000	16.392900000000	0.001259292947	-0.000513526457	0.000142976266	-0.000018026161	0.007009567129	300.000000000000	0.002274749723	-0.000004258705	-0.000001519918	0.000003548571	0.000003848896	0.000000059645	-0.000000113250	-0.000000614014	-0.000000841090	-0.000000150982	-0.000000011471
214709594.000000000000	96.400558000000	16.392900000000	0.000735590234	-0.000299650857	0.000142646074	-0.000017268126	0.007000866098	300.000000000000	0.002276178007	-0.000004400499	0.000000066357	0.000003254170	0.000003531620	-0.000000241793	-0.000000089205	-0.000000294812	-0.000000525815	-0.000000286627	-0.000000196684
214709820.000000000000	96.450602000000	16.392900000000	0.000350885307	-0.000142003389	0.000142771099	-0.000017844483	0.007013841932	300.000000000000	0.002276983111	-0.000004093861	0.000002091983	0.000003401834	0.000003421011	-0.000000131851	-0.000000410003	-0.000000055651	-0.000000239663	0.000000186704	0.000000202039
214710043.000000000000	96.500646000000	16.392900000000	0.000104881852	-0.000039228483	0.000142612733	-0.000018942854	0.007006474594	300.000000000000	0.002278674602	-0.000004505971	0.000001939014	0.000003265221	0.000003286086	0.000000172550	-0.000000119187	0.000000079952	-0.000000230717	0.000000133039	-0.000000221529
214710269.000000000000	96.550624000000	16.392900000000	0.000041535529	-0.000014837731	0.000142437017	-0.000018512298	0.007005432101	300.000000000000	0.002277834662	-0.000005063368	0.000001466135	0.000003392761	0.000003453458	-0.000000006806	0.000000059004	0.000000459286	0.000000075919	-0.000000082395	-0.000000298787
214710503.000000000000	96.600618000000	16.392900000000	0.000024169486	-0.000007135845	0.000142251081	-0.000017706521	0.007009042970	300.000000000000	0.002278566222	-0.000003987690	0.000001332723	0.000003447649	0.000003150356	0.000000049930	-0.000000274274	-0.000000025174	0.000000034431	0.000000204110	0.000000227372
214710732.000000000000	96.650629000000	16.392900000000	0.000009205925	0.000000051841	0.000142311878	-0.000017170840	0.007002945260	300.000000000000	0.002278519774	-0.000004580012	0.000000404427	0.000003249630	0.000003182323	0.000000029439	-0.000000076348	-0.000000121671	0.000000080927	-0.000000016515	-0.000000202803
214710974.000000000000	96.700574000000	16.392900000000	0.000010236056	-0.000001290533	0.000142623727	-0.000017162521	0.006999910965	300.000000000000	0.002277269542	-0.000004779082	0.000002047978	0.000003622632	0.000003034816	-0.000000037074	-0.000000269720	0.000000437827	-0.000000153791	0.000000001653	0.000000193351
214711204.000000000000	96.750602000000	16.392900000000	0.000013433444	-0.000004648625	0.000142092892	-0.000017269171	0.007010324246	300.000000000000	0.002277145680	-0.000005493639	0.000003111083	0.000003567080	0.000003115906	0.000000336916	0.000000000691	0.000000384997	0.000000078718	0.000000075231	0.000000038900
214711435.000000000000	96.800613000000	16.392900000000	0.000004295598	0.000002640586	0.000142362955	-0.000018264690	0.007006480418	300.000000000000	0.002277157292	-0.000006326241	0.000003379304	0.000003165501	0.000003576721	-0.000000219819	-0.000000257005	0.000000649733	-0.000000061074	0.000000031620	-0.000000106010
214711667.000000000000	96.850574000000	16.392900000000	0.000011425496	-0.000002476728	0.000141747014	-0.000017896739	0.007012374288	300.000000000000	0.002275094215	-0.000007028924	0.000003095018	0.000003602340	0.000003768624	0.000000028427	-0.000000082293	0.000000369470	-0.000000267729	0.000000139589	0.000000116445
214711906.000000000000	96.900585000000	16.392900000000	0.000005651729	0.000000944375	0.000141993960	-0.000018340397	0.007005379685	300.000000000000	0.002276445085	-0.000006753020	0.000000627944	0.000003450574	0.000003573037	-0.000000133256	0.000000193289	0.000000237236	0.000000120396	-0.000000080171	0.000000015873
214712203.000000000000	96.950448000000	16.392900000000	0.000009642102	-0.000001497908	0.000141979787	-0.000018707892	0.006996946558	300.000000000000	0.002277056654	-0.000007644994	0.000001258682	0.000003715817	0.000003592217	-0.000000408734	0.000000043792	0.000000291804	0.000000085450	0.000000192118	-0.000000123876
214712434.000000000000	97.000474000000	16.392900000000	0.000006377059	0.000001347188	0.000142372497	-0.000018703223	0.007006888097	300.000000000000	0.002279278429	-0.000007014256	0.000000975793	0.000003448567	0.000003104774	-0.000000085557	-0.000000120712	0.000000625529	-0.000000189992	-0.000000146004	-0.000000473669
