213849334.000000000000	93.998520000000	16.399900000000	0.000002873724	-0.000000534582	0.000143197759	-0.000022493972	0.005089114956	300.000000000000	0.002214839205	-0.000009327661	0.000004587695	0.000003995712	0.000003220024	-0.000000272333	-0.000000163323	-0.000000033436	0.000000183541	-0.000000214374	0.000000061620
213849632.000000000000	94.050424000000	16.399900000000	0.000001285602	0.000001213638	0.000142887254	-0.000022035139	0.005084558659	300.000000000000	0.002215408196	-0.000009636395	0.000004223082	0.000003868144	0.000002935082	0.000000009393	0.000000082663	0.000000411832	0.000000192670	-0.000000066395	0.000000200527
213849870.000000000000	94.100518000000	16.399900000000	-0.000002992326	0.000006926847	0.000143116153	-0.000022034197	0.005089674297	300.000000000000	0.002213449628	-0.000009127194	0.000005105278	0.000003911241	0.000003002130	0.000000416990	-0.000000000092	0.000000523056	-0.000000093083	-0.000000080895	-0.000000143122
213850104.000000000000	94.150479000000	16.399900000000	-0.000001700961	0.000006054481	0.000142492457	-0.000023367358	0.005075259618	300.000000000000	0.002213364473	-0.000009569339	0.000004125992	0.000003722786	0.000002801516	0.000000199332	-0.000000281341	0.000000441057	-0.000000004262	-0.000000024913	0.000000082799
213850333.000000000000	94.200523000000	16.399900000000	-0.000001838706	0.000008055025	0.000142665032	-0.000023239301	0.005081371582	300.000000000000	0.002211773620	-0.000008841511	0.000005265931	0.000004214978	0.000003342227	0.000000355194	-0.000000413613	0.000000314631	-0.000000084589	-0.000000085031	-0.000000111404
213850570.000000000000	94.250501000000	16.399900000000	0.000004808223	0.000000762150	0.000142486520	-0.000023598851	0.005084989818	300.000000000000	0.002212396801	-0.000009648968	0.000005198177	0.000003969044	0.000002823011	0.000000075074	0.000000072430	0.000000186771	-0.000000038382	0.000000295758	-0.000000121584
213850811.000000000000	94.300495000000	16.399900000000	0.000003158556	0.000001246615	0.000142952733	-0.000023003397	0.005072690146	300.000000000000	0.002212625171	-0.000009217998	0.000005748589	0.000004014814	0.000002909256	0.000000294067	0.000000209167	0.000000385031	-0.000000024647	-0.000000015496	0.000000507828
213851106.000000000000	94.350424000000	16.399900000000	0.000000745615	0.000004979444	0.000142543143	-0.000022618131	0.005091736867	300.000000000000	0.002212969663	-0.000009647571	0.000006875955	0.000004059073	0.000002843074	-0.000000193975	-0.000000158559	0.000000490444	0.000000089579	-0.000000025191	0.000000220055
213851338.000000000000	94.400600000000	16.399900000000	-0.000001082853	0.000003267244	0.000142804851	-0.000021621468	0.005094958903	300.000000000000	0.002213987654	-0.000010424992	0.000005814945	0.000004109024	0.000003150774	0.000000276654	0.000000149366	0.000000501698	0.000000056418	-0.000000048839	-0.000000046275
213851563.000000000000	94.450594000000	16.399900000000	0.000000265200	0.000003393958	0.000142806361	-0.000022053693	0.005100849461	300.000000000000	0.002213674128	-0.000009208219	0.000005453127	0.000003951164	0.000002830650	-0.000000081564	-0.000000210145	0.000000501966	0.000000063627	-0.000000063564	-0.000000021438
213851785.000000000000	94.500555000000	16.399900000000	-0.000001493420	0.000005853521	0.000142727019	-0.000022317595	0.005091329014	300.000000000000	0.002215168214	-0.000007708557	0.000005107373	0.000004016243	0.000002845135	-0.000000343057	-0.000000242994	0.000000310221	-0.000000142310	-0.000000261383	-0.000000008881
213852041.000000000000	94.550533000000	16.399900000000	0.000000493405	0.000001981681	0.000142853072	-0.000022013719	0.005090035538	300.000000000000	0.002214723085	-0.000009041280	0.000006020302	0.000003823032	0.000002668495	-0.000000260401	0.000000313663	0.000000485534	-0.000000021497	-0.000000366508	-0.000000031879
213852314.000000000000	94.600561000000	16.399900000000	0.000000076518	0.000005973625	0.000142597535	-0.000021172973	0.005088444913	300.000000000000	0.002215160472	-0.000007659663	0.000007527648	0.000003741788	0.000002793464	0.000000052767	0.000000214802	0.000000495877	0.000000213721	0.000000189006	0.000000120276
213852604.000000000000	94.650555000000	16.399900000000	0.000006212181	-0.000001155354	0.000142728221	-0.000020844455	0.005095151176	300.000000000000	0.002213078042	-0.000009844545	0.000007496914	0.000003815590	0.000002834943	0.000000072254	0.000000086912	0.000000528690	-0.000000062393	0.000000048148	-0.000000042257
213852835.000000000000	94.700550000000	16.399900000000	0.000005724046	-0.000000198478	0.000142398340	-0.000021088853	0.005091276576	300.000000000000	0.002209675707	-0.000007913215	0.000007682713	0.000004237864	0.000003090302	0.000000122989	-0.000000083868	0.000000429681	0.000000071520	0.000000028920	0.000000086796
213853100.000000000000	94.750495000000	16.399900000000	0.000001468518	0.000001744035	0.000143032555	-0.000020302243	0.005081610467	300.000000000000	0.002212454861	-0.000008070376	0.000006987015	0.000003905352	0.000002903919	-0.000000050962	-0.000000522632	0.000000332866	0.000000152012	0.000000127130	-0.000000206546
213853339.000000000000	94.800538000000	16.399900000000	0.000002779998	0.000005714343	0.000142743342	-0.000020951201	0.005078953598	300.000000000000	0.002213871533	-0.000009028707	0.000005508307	0.000004417485	0.000002937883	-0.000000083693	0.000000061541	0.000000382218	0.000000133185	-0.000000163022	0.000000060967
213853578.000000000000	94.850549000000	16.399900000000	0.000008613192	-0.000001403007	0.000142847583	-0.000021132186	0.005083399192	300.000000000000	0.002213739930	-0.000009620329	0.000005348353	0.000003990224	0.000002810807	-0.000000029754	-0.000000102341	0.000000274500	0.000000119004	0.000000138441	-0.000000042416
213853808.000000000000	94.900527000000	16.399900000000	0.000028124907	-0.000006919596	0.000143143358	-0.000022404710	0.005069998318	300.000000000000	0.002213507688	-0.000008546747	0.000004244037	0.000003791945	0.000002983538	0.000000129214	-0.000000118372	0.000000050204	-0.000000059957	0.000000131887	-0.000000400385
213854047.000000000000	94.950472000000	16.399900000000	0.000063686167	-0.000020463554	0.000142957242	-0.000021446009	0.005079087607	300.000000000000	0.002211034318	-0.000008958858	0.000004129484	0.000004193497	0.000002972366	0.000000154439	0.000000239998	0.000000491869	-0.000000049424	0.000000019322	-0.000000234231
213854274.000000000000	95.000532000000	16.399900000000	0.000099386953	-0.000037999664	0.000142666235	-0.000022119766	0.005084599444	300.000000000000	0.002212501309	-0.000008778647	0.000004382338	0.000004234954	0.000003076041	-0.000000006659	0.000000014013	0.000000069627	0.000000261572	0.000000022221	-0.000000031183
213854508.000000000000	95.050543000000	16.399900000000	0.000274420683	-0.000115013587	0.000142681037	-0.000021676626	0.005089184874	300.000000000000	0.002213976042	-0.000009595184	0.000005367212	0.000003835851	0.000003016285	-0.000000126044	-0.000000055564	-0.000000013225	-0.000000467515	0.000000169539	-0.000000198025
213854752.000000000000	95.100455000000	16.399900000000	0.000698217160	-0.000298620767	0.000142885418	-0.000021696609	0.005081301664	300.000000000000	0.002214877912	-0.000009832671	0.000003651017	0.000003929038	0.000003272447	-0.000000154080	-0.000000137065	-0.000000442339	-0.000000644836	0.000000203898	0.000000082131
213854986.000000000000	95.150548000000	16.399900000000	0.001197946013	-0.000519951336	0.000143034750	-0.000021809739	0.005090781326	300.000000000000	0.002214084421	-0.000009895535	0.000002610264	0.000003976573	0.000003433626	-0.000000433157	0.000000009736	-0.000000492334	-0.000000638676	0.000000022762	0.000000186128
213855215.000000000000	95.200526000000	16.399900000000	0.001599516647	-0.000690355151	0.000143150249	-0.000022149109	0.005083265183	300.000000000000	0.002214188929	-0.000007885275	0.000002120622	0.000003722207	0.000003442045	0.000000001461	0.000000195438	-0.000001154412	-0.000001434558	0.000000079945	-0.000000089704
213855454.000000000000	95.250471000000	16.399900000000	0.001989220628	-0.000862851061	0.000143934082	-0.000022623418	0.005082834025	300.000000000000	0.002213163197	-0.000007342547	0.000000574160	0.000003425145	0.000003618531	-0.000000334573	0.000000381578	-0.000001156528	-0.000001784168	0.000000103288	0.000000226942
213855722.000000000000	95.300532000000	16.399900000000	0.002075800720	-0.000898703043	0.000143999563	-0.000021836111	0.005069549680	300.000000000000	0.002214525679	-0.000006248709	0.000001752516	0.000003641242	0.000003768206	0.000000126742	-0.000000162624	-0.000001675996	-0.000001482179	0.000000069145	-0.000000035410
213855950.000000000000	95.350559000000	16.399900000000	0.002152763391	-0.000933223530	0.000144051878	-0.000021946216	0.005079029342	300.000000000000	0.002215717851	-0.000006324146	0.000001468929	0.000003661270	0.000003465060	0.000000030345	-0.000000121614	-0.000001800244	-0.000001501562	-0.000000062724	-0.000000258717
213856176.000000000000	95.400619000000	16.399900000000	0.002271736190	-0.000981668746	0.000143986725	-0.000022105402	0.005078388430	300.000000000000	0.002213554137	-0.000007536728	0.000000900356	0.000003762787	0.000003335352	0.000000030394	0.000000248091	-0.000001753397	-0.000001821887	0.000000018833	0.000000011959
213856429.000000000000	95.450548000000	16.399900000000	0.002326318173	-0.000995300660	0.000144491217	-0.000021810427	0.005070825676	300.000000000000	0.002212869025	-0.000007159542	0.000001168577	0.000003393285	0.000003381902	-0.000000095974	-0.000000165274	-0.000001842663	-0.000001773811	0.000000205320	0.000000035882
213856674.000000000000	95.500509000000	16.399900000000	0.002066401929	-0.000884050618	0.000143715642	-0.000021938268	0.005078557398	300.000000000000	0.002213267706	-0.000008617295	0.000000759959	0.000003755809	0.000003473514	0.000000029767	0.000000411939	-0.000001591468	-0.000001449328	0.000000190964	-0.000000040358
213856914.000000000000	95.550685000000	16.399900000000	0.001536805026	-0.000652833303	0.000143169994	-0.000022992487	0.005079769303	300.000000000000	0.002211591697	-0.000007675728	0.000001552748	0.000003598967	0.000003375671	-0.000000081664	0.000000014853	-0.000000868901	-0.000001033122	0.000000257689	-0.000000280357
213857132.000000000000	95.600630000000	16.399900000000	0.001008548446	-0.000425830031	0.000142955530	-0.000021355591	0.005079845047	300.000000000000	0.002211611051	-0.000008152099	0.000001661712	0.000003663186	0.000003409854	0.000000071587	-0.000000135803	-0.000000502325	-0.000000815959	0.000000282378	-0.000000137727
213857388.000000000000	95.650509000000	16.399900000000	0.000469525583	-0.000196725396	0.000142754663	-0.000021363068	0.005064125239	300.000000000000	0.002211030448	-0.000006782357	0.000003308058	0.000004162424	0.000002620100	-0.000000081258	0.000000034486	-0.000000053939	-0.000000435817	-0.000000152423	-0.000000012245
213857637.000000000000	95.700520000000	16.399900000000	0.000224141565	-0.000089558464	0.000142191062	-0.000021098832	0.005061882049	300.000000000000	0.002211951671	-0.000005525071	0.000005515991	0.000004037869	0.000002953326	0.000000000447	-0.000000055830	-0.000000106701	-0.000000074179	-0.000000082622	-0.000000016958
213857873.000000000000	95.750547000000	16.399900000000	0.000166257229	-0.000066346979	0.000142570175	-0.000021256267	0.005066892811	300.000000000000	0.002212060051	-0.000006952789	0.000006118091	0.000003904759	0.000003056673	0.000000025077	0.000000091820	0.000000094487	-0.000000225120	0.000000034083	-0.000000083128
213858143.000000000000	95.800525000000	16.399900000000	0.000161472855	-0.000065014844	0.000142401550	-0.000021646858	0.005073033907	300.000000000000	0.002213043206	-0.000007970491	0.000006002141	0.000003924228	0.000003190296	-0.000000017272	0.000000100153	0.000000171862	-0.000000398265	-0.000000043174	-0.000000214154
213858381.000000000000	95.850536000000	16.399900000000	0.000105234125	-0.000040165350	0.000142725693	-0.000020465617	0.005072981469	300.000000000000	0.002212865154	-0.000008889707	0.000005892478	0.000004252054	0.000002665555	-0.000000116628	-0.000000354658	0.000000392311	-0.000000174114	0.000000000250	-0.000000429407
213858654.000000000000	95.900498000000	16.399900000000	0.000046188034	-0.000017704577	0.000142392383	-0.000020617450	0.005072771716	300.000000000000	0.002213205775	-0.000009113923	0.000004427042	0.000004168787	0.000003225411	0.000000105883	-0.000000037159	0.000000186154	-0.000000040530	0.000000067516	-0.000000140930
213858910.000000000000	95.950574000000	16.399900000000	0.000017503993	-0.000005117253	0.000142635823	-0.000020992024	0.005073913704	300.000000000000	0.002210744017	-0.000008937903	0.000005052192	0.000003859869	0.000003528213	-0.000000140922	0.000000068043	0.000000243423	0.000000057276	0.000000006101	-0.000000138264
213859153.000000000000	96.000471000000	16.399900000000	0.000009664499	-0.000001238476	0.000142995880	-0.000020498323	0.005083416672	300.000000000000	0.002212187783	-0.000010259449	0.000005082926	0.000003932835	0.000003271020	-0.000000138580	0.000000218657	0.000000600069	0.000000301696	-0.000000303216	-0.000000104626
213859394.000000000000	96.050515000000	16.399900000000	0.000007083586	-0.000001261210	0.000142501686	-0.000020181156	0.005071105347	300.000000000000	0.002211820068	-0.000011490192	0.000005571870	0.000004216396	0.000003197395	0.000000030776	-0.000000051443	0.000000554447	0.000000101544	0.000000078682	0.000000014903
213859627.000000000000	96.100509000000	16.399900000000	0.000004302445	0.000003372681	0.000142551763	-0.000020649403	0.005082350428	300.000000000000	0.002212570982	-0.000010334188	0.000006421935	0.000003877633	0.000003204349	0.000000004918	0.000000171166	0.000000448857	-0.000000165891	0.000000429012	-0.000000050708
213859873.000000000000	96.150454000000	16.399900000000	0.000008959586	-0.000000710672	0.000142473027	-0.000021225986	0.005073686472	300.000000000000	0.002208692552	-0.000010495540	0.000006417744	0.000004166581	0.000003208954	0.000000047427	0.000000028185	0.000000376859	0.000000073213	0.000000028507	0.000000037207
213860117.000000000000	96.200465000000	16.399900000000	0.000011924046	-0.000005649033	0.000142202121	-0.000020567847	0.005072655187	300.000000000000	0.002212791611	-0.000009975862	0.000005307142	0.000003979195	0.000003360314	-0.000000156146	0.000000010375	0.000000080147	0.000000173468	-0.000000004263	-0.000000072275
213860336.000000000000	96.250542000000	16.399900000000	0.000004344877	0.000004688195	0.000142504065	-0.000021037929	0.005068232898	300.000000000000	0.002208584172	-0.000008850591	0.000003755791	0.000003818831	0.000003627135	0.000000281759	-0.000000096461	0.000000398781	0.000000197784	0.000000244484	-0.000000114740
213860646.000000000000	96.300454000000	16.399900000000	0.000006738917	-0.000001510356	0.000142751199	-0.000020366130	0.005077170699	300.000000000000	0.002211289784	-0.000010193791	0.000003261259	0.000004306581	0.000003188545	-0.000000002047	-0.000000024512	0.000000176649	-0.000000251689	-0.000000067139	-0.000000025334
213860897.000000000000	96.350531000000	16.399900000000	0.000007671722	-0.000000238749	0.000142217299	-0.000021095915	0.005069642903	300.000000000000	0.002214161835	-0.000008763978	0.000002743676	0.000003544021	0.000003088779	-0.000000222267	-0.000000003289	0.000000670675	0.000000089618	0.000000025972	-0.000000057863
213861162.000000000000	96.400525000000	16.399900000000	0.000010456392	-0.000004048426	0.000142458358	-0.000021178328	0.005075737388	300.000000000000	0.002213724447	-0.000009270385	0.000003682449	0.000004105231	0.000002983534	-0.000000326754	-0.000000236883	0.000000408529	0.000000078199	0.000000108073	0.000000169257
213861397.000000000000	96.450569000000	16.399900000000	0.000005861184	0.000000596123	0.000142690649	-0.000020244634	0.005073878745	300.000000000000	0.002212330999	-0.000008492963	0.000004468253	0.000003924201	0.000003397476	-0.000000207249	0.000000228716	0.000000401832	-0.000000027857	-0.000000126250	0.000000199059
213861636.000000000000	96.500580000000	16.399900000000	0.000006719043	0.000001790140	0.000142917319	-0.000021142149	0.005064445695	300.000000000000	0.002212702585	-0.000007555587	0.000005268725	0.000003952028	0.000002830813	-0.000000131573	-0.000000264872	0.000000390568	0.000000108689	0.000000156115	-0.000000034862
213861874.000000000000	96.550542000000	16.399900000000	0.000008388838	0.000001196872	0.000142810554	-0.000021170054	0.005063536766	300.000000000000	0.002213372214	-0.000008191215	0.000006069196	0.000004048998	0.000003222684	-0.000000118422	-0.000000159651	0.000000304935	0.000000035115	0.000000159178	0.000000050975
213862112.000000000000	96.600553000000	16.399900000000	0.000004939817	0.000000357136	0.000142636567	-0.000020833114	0.005064655447	300.000000000000	0.002213577361	-0.000007929979	0.000005209353	0.000004084396	0.000003261533	-0.000000242360	0.000000114436	0.000000493451	0.000000184277	0.000000034417	-0.000000377125
213862350.000000000000	96.650629000000	16.399900000000	0.000001001955	0.000005427677	0.000142605719	-0.000021234999	0.005070848982	300.000000000000	0.002212776128	-0.000007259427	0.000004651258	0.000004092741	0.000003014508	-0.000000378060	-0.000000106218	0.000000463527	0.000000067741	0.000000349169	-0.000000061472
213862581.000000000000	96.700607000000	16.399900000000	0.000004369411	0.000004719692	0.000142650572	-0.000020947889	0.005068710669	300.000000000000	0.002213120619	-0.000008390984	0.000004058937	0.000003735008	0.000003528040	-0.000000334658	0.000000445647	0.000000033375	0.000000191821	0.000000264833	0.000000021264
213862821.000000000000	96.750585000000	16.399900000000	0.000012533641	-0.000004906629	0.000142439615	-0.000020960085	0.005069858483	300.000000000000	0.002213019982	-0.000008692034	0.000003979309	0.000003845997	0.000003194839	-0.000000147740	-0.000000120281	0.000000338137	-0.000000033645	0.000000122534	-0.000000063825
213863061.000000000000	96.800580000000	16.399900000000	0.000007835878	0.000000517629	0.000142505369	-0.000021150222	0.005066257726	300.000000000000	0.002213043206	-0.000009929761	0.000004072208	0.000003814648	0.000003191918	-0.000000230418	0.000000039745	0.000000320571	0.000000154038	0.000000047968	-0.000000119672
213863383.000000000000	96.850459000000	16.399900000000	0.000003253932	0.000004178928	0.000142504806	-0.000022054845	0.005077217311	300.000000000000	0.002214281826	-0.000009217998	0.000004592584	0.000003903539	0.000003271990	0.000000207773	0.000000042346	0.000000568779	-0.000000139802	0.000000091440	0.000000156358
213863760.000000000000	96.900503000000	16.399900000000	0.000002936617	0.000006731353	0.000142224358	-0.000021506952	0.005083923574	300.000000000000	0.002211572344	-0.000009941636	0.000006191432	0.000003512589	0.000003105035	-0.000000141747	0.000000160602	0.000000571714	-0.000000207504	0.000000016416	0.000000207000
213864002.000000000000	96.950464000000	16.399900000000	0.000004091051	0.000004496736	0.000142395917	-0.000020781576	0.005083166133	300.000000000000	0.002214150223	-0.000010024058	0.000005437061	0.000004134500	0.000003447543	-0.000000072218	-0.000000022280	0.000000659767	0.000000042654	-0.000000236095	-0.000000009841
213864253.000000000000	97.000458000000	16.399900000000	0.000009471957	-0.000002681004	0.000142217311	-0.000020253362	0.005090181200	300.000000000000	0.002214405688	-0.000011200318	0.000004369766	0.000003556994	0.000003580610	-0.000000267980	0.000000326327	0.000000243792	-0.000000155733	-0.000000014144	0.000000087549
